0 0.75078125 0.2234375 0.05390625 0.07109375
0 0.6375 0.20234375 0.0515625 0.06796875
0 0.67578125 0.17734375 0.0421875 0.06171875
0 0.69609375 0.14609375 0.04375 0.06015625
0 0.58046875 0.1625 0.04453125 0.06328125
0 0.62421875 0.14375 0.0453125 0.05859375
0 0.64140625 0.12265625 0.034375 0.05390625
0 0.1796875 0.63828125 0.13203125 0.16796875
0 0.1609375 0.4875 0.090625 0.1359375
0 0.11640625 0.40625 0.08828125 0.1125
0 0.18203125 0.3390625 0.0796875 0.115625
0 0.275 0.390625 0.0796875 0.1078125
0 0.32734375 0.5171875 0.1015625 0.1234375
0 0.371875 0.43671875 0.0796875 0.1171875
0 0.4359375 0.3828125 0.07578125 0.1015625
0 0.33671875 0.32890625 0.0671875 0.1203125
0 0.2578125 0.18125 0.06796875 0.128125
0 0.36640625 0.2375 0.04609375 0.07421875
0 0.3703125 0.125 0.04375 0.05859375
0 0.30234375 0.12109375 0.04140625 0.05078125
0 0.228125 0.1203125 0.0359375 0.05859375
0 0.16875 0.08125 0.03984375 0.05390625
0 0.225 0.071875 0.03671875 0.05078125