0 0.06953125 0.76796875 0.134375 0.19296875
0 0.03359375 0.471875 0.0671875 0.1265625
0 0.2828125 0.52734375 0.1 0.17734375
0 0.2484375 0.41640625 0.08046875 0.1140625
0 0.16484375 0.35546875 0.08046875 0.10625
0 0.2265625 0.29765625 0.06796875 0.09296875
0 0.3078125 0.33203125 0.0703125 0.0953125
0 0.41328125 0.390625 0.07890625 0.1140625
0 0.45 0.33828125 0.07109375 0.08359375
0 0.35078125 0.278125 0.05703125 0.08046875
0 0.24921875 0.24609375 0.06171875 0.09140625
0 0.34453125 0.1625 0.0375 0.06640625
0 0.25 0.12890625 0.05234375 0.109375
0 0.709375 0.28828125 0.06015625 0.08359375
0 0.8265625 0.3 0.065625 0.07890625
0 0.7640625 0.2421875 0.053125 0.06484375
0 0.78203125 0.18984375 0.04765625 0.06484375
0 0.709375 0.19375 0.04375 0.06640625
0 0.66171875 0.23125 0.0453125 0.07734375
0 0.63046875 0.19921875 0.04453125 0.06171875
0 0.7296875 0.159375 0.03984375 0.06015625
0 0.6546875 0.12734375 0.040625 0.06015625
0 0.61953125 0.14765625 0.03984375 0.05703125
0 0.5734375 0.1625 0.0484375 0.06640625
0 0.4984375 0.09609375 0.03828125 0.06328125