0 0.79375 0.80546875 0.096875 0.1515625
0 0.878125 0.81796875 0.05625 0.1015625
0 0.91796875 0.9390625 0.06484375 0.096875
0 0.81328125 0.68046875 0.04609375 0.06171875
0 0.8515625 0.7109375 0.0453125 0.06953125
0 0.771875 0.63828125 0.04453125 0.06640625
0 0.7015625 0.64140625 0.04140625 0.06328125
0 0.53515625 0.6046875 0.04609375 0.06171875
0 0.61171875 0.53671875 0.0390625 0.05234375
0 0.52109375 0.4671875 0.046875 0.115625
0 0.4703125 0.5 0.034375 0.05859375
0 0.33828125 0.72578125 0.0453125 0.08203125
0 0.240625 0.71875 0.0578125 0.103125
0 0.18046875 0.6453125 0.0390625 0.05546875