0 0.6640625 0.878125 0.18671875 0.165625
0 0.1703125 0.840625 0.17734375 0.18359375
0 0.4421875 0.70234375 0.146875 0.13203125
0 0.4390625 0.6046875 0.11875 0.0953125
0 0.3296875 0.52421875 0.09140625 0.0953125
0 0.675 0.7390625 0.134375 0.11953125
0 0.84921875 0.65 0.125 0.1109375
0 0.9625 0.53515625 0.075 0.0859375
0 0.65234375 0.653125 0.121875 0.08828125
0 0.62734375 0.5515625 0.10625 0.1109375
0 0.46328125 0.52109375 0.1015625 0.07890625
0 0.47578125 0.44296875 0.07578125 0.0609375
0 0.60390625 0.4640625 0.07890625 0.07109375
0 0.69453125 0.4265625 0.08046875 0.0578125
0 0.80078125 0.3984375 0.06484375 0.053125
0 0.31171875 0.37890625 0.06484375 0.059375