0 0.68828125 0.72265625 0.1515625 0.12890625
0 0.8125 0.66796875 0.13125 0.109375
0 0.44453125 0.71484375 0.1390625 0.11953125
0 0.44375 0.5859375 0.14375 0.1609375
0 0.28359375 0.559375 0.1171875 0.12421875
0 0.21875 0.4890625 0.07890625 0.08203125
0 0.35859375 0.4421875 0.06953125 0.07265625
0 0.29140625 0.39296875 0.06484375 0.07734375
0 0.396875 0.3796875 0.06484375 0.0578125
0 0.63046875 0.578125 0.103125 0.09375
0 0.603125 0.48515625 0.09296875 0.08515625
0 0.71953125 0.47265625 0.08515625 0.06953125
0 0.6859375 0.4171875 0.07265625 0.0609375
0 0.9171875 0.47421875 0.103125 0.08828125
0 0.78515625 0.378125 0.05234375 0.0421875