0 0.42578125 0.634375 0.0703125 0.1171875
0 0.33125 0.521875 0.0515625 0.08359375
0 0.3328125 0.42578125 0.0375 0.04921875
0 0.3421875 0.36015625 0.0234375 0.04453125
0 0.41328125 0.36484375 0.02890625 0.04140625
0 0.7546875 0.69609375 0.1171875 0.19453125
0 0.79765625 0.61484375 0.11484375 0.15859375
0 0.8609375 0.58671875 0.11796875 0.1421875
0 0.721875 0.50078125 0.06796875 0.07890625
0 0.65078125 0.50078125 0.059375 0.07578125
0 0.62578125 0.56796875 0.06328125 0.0984375
0 0.5515625 0.47109375 0.04140625 0.06328125
0 0.6453125 0.43828125 0.04765625 0.07109375
0 0.571875 0.4203125 0.040625 0.05703125
0 0.51484375 0.41484375 0.04375 0.04609375
0 0.5421875 0.39140625 0.034375 0.05078125