0 0.75390625 0.58203125 0.2078125 0.29296875
0 0.42265625 0.8890625 0.32265625 0.221875
0 0.44453125 0.53203125 0.2265625 0.19765625
0 0.44765625 0.34375 0.22421875 0.140625
0 0.1328125 0.38203125 0.2203125 0.17734375
0 0.2171875 0.20390625 0.1875 0.1109375
0 0.46171875 0.22265625 0.1546875 0.1
0 0.72109375 0.25546875 0.13359375 0.09375
0 0.728125 0.36640625 0.18125 0.1125
0 0.65625 0.15234375 0.1234375 0.103125
0 0.4546875 0.11640625 0.16015625 0.09140625
0 0.8640625 0.13359375 0.13203125 0.121875
0 0.25703125 0.0890625 0.15234375 0.07890625
0 0.46796875 0.0359375 0.12109375 0.06015625
0 0.65 0.0546875 0.103125 0.07578125