0 0.175 0.64296875 0.18671875 0.1484375
0 0.6078125 0.878125 0.12890625 0.14375
0 0.7671875 0.92109375 0.140625 0.15546875
0 0.771875 0.68359375 0.196875 0.090625
0 0.246875 0.51484375 0.0484375 0.07890625
0 0.35546875 0.50546875 0.0453125 0.06015625
0 0.4484375 0.49375 0.046875 0.0671875
0 0.534375 0.50078125 0.06328125 0.07734375
0 0.75 0.4109375 0.0703125 0.065625
0 0.49921875 0.2953125 0.05390625 0.0421875
0 0.28515625 0.42734375 0.046875 0.071875
0 0.315625 0.3734375 0.04609375 0.0421875
0 0.34609375 0.3203125 0.04375 0.0484375
0 0.3796875 0.39609375 0.03984375 0.053125
0 0.36640625 0.459375 0.0421875 0.028125
0 0.4125 0.37734375 0.03203125 0.0484375
0 0.459375 0.425 0.05 0.0671875
0 0.38203125 0.21953125 0.0421875 0.065625
0 0.4796875 0.2125 0.02421875 0.03515625
0 0.5671875 0.19296875 0.025 0.03046875
0 0.59921875 0.18984375 0.02265625 0.03671875
0 0.63359375 0.18046875 0.02421875 0.0265625
0 0.6296875 0.63828125 0.084375 0.0953125