0 0.34375 0.88671875 0.14140625 0.19375
0 0.06484375 0.7859375 0.1109375 0.1625
0 0.23203125 0.72890625 0.10546875 0.13359375
0 0.34921875 0.61328125 0.09921875 0.13515625
0 0.22421875 0.5671875 0.07421875 0.12265625
0 0.10546875 0.6515625 0.08515625 0.10546875
0 0.04375 0.41796875 0.07890625 0.09453125
0 0.26953125 0.45859375 0.05703125 0.08515625
0 0.11796875 0.5671875 0.08671875 0.05703125
0 0.225 0.40390625 0.05390625 0.05234375
0 0.1953125 0.3234375 0.0484375 0.04765625
0 0.03984375 0.3390625 0.04609375 0.04375
0 0.56875 0.61875 0.06640625 0.09609375
0 0.690625 0.61640625 0.0796875 0.11328125
0 0.75390625 0.896875 0.15 0.1796875
0 0.93671875 0.86015625 0.1265625 0.2109375
0 0.79140625 0.73671875 0.10625 0.12734375
0 0.8078125 0.63125 0.0875 0.08046875
0 0.909375 0.603125 0.08671875 0.13046875
0 0.753125 0.48125 0.065625 0.06796875
0 0.70390625 0.52421875 0.0609375 0.05859375
0 0.57578125 0.4828125 0.05234375 0.06171875
0 0.521875 0.5375 0.05703125 0.06328125
0 0.4953125 0.47734375 0.04453125 0.04765625
0 0.5359375 0.43671875 0.03671875 0.05078125
0 0.57421875 0.3828125 0.04765625 0.05703125
0 0.66953125 0.35390625 0.05078125 0.07421875