0 0.74765625 0.7421875 0.090625 0.11015625
0 0.834375 0.69296875 0.08046875 0.0765625
0 0.753125 0.61328125 0.05 0.0515625
0 0.6859375 0.64375 0.07265625 0.05625
0 0.64140625 0.578125 0.0578125 0.0359375
0 0.66875 0.51328125 0.05546875 0.08515625
0 0.21796875 0.58046875 0.1265625 0.15703125
0 0.31640625 0.6359375 0.05546875 0.08125
0 0.3625 0.56875 0.0390625 0.0546875
0 0.3390625 0.51640625 0.0328125 0.04375
0 0.39140625 0.4609375 0.0515625 0.0609375
0 0.3984375 0.52109375 0.02265625 0.03125
0 0.42578125 0.49453125 0.02421875 0.03125