0 0.84921875 0.5375 0.1359375 0.159375
0 0.96171875 0.4375 0.0765625 0.446875
0 0.825 0.45625 0.1140625 0.1375
0 0.91640625 0.39375 0.096875 0.11875
0 0.8796875 0.29765625 0.0796875 0.1015625
0 0.8609375 0.2484375 0.075 0.090625
0 0.865625 0.203125 0.0734375 0.0953125
0 0.6609375 0.46015625 0.1234375 0.1578125
0 0.6421875 0.32890625 0.1078125 0.1578125
0 0.7453125 0.30859375 0.09375 0.1078125
0 0.62734375 0.24765625 0.0796875 0.1
0 0.7515625 0.24765625 0.0765625 0.1
0 0.765625 0.2 0.075 0.084375
0 0.78046875 0.171875 0.0703125 0.0921875
0 0.9390625 0.128125 0.071875 0.1
0 0.85859375 0.1203125 0.0546875 0.075
0 0.98984375 0.11796875 0.0203125 0.0515625
0 0.29140625 0.3671875 0.11875 0.14375
0 0.1328125 0.32265625 0.1203125 0.14375
0 0.21171875 0.23984375 0.1046875 0.13125
0 0.334375 0.265625 0.0921875 0.11875
0 0.2734375 0.17265625 0.075 0.0984375
0 0.19296875 0.1375 0.08125 0.1078125
0 0.26171875 0.109375 0.06875 0.090625
0 0.31484375 0.15078125 0.0640625 0.08125
0 0.4203125 0.17734375 0.0703125 0.0890625
0 0.38671875 0.1265625 0.06875 0.0859375
0 0.3625 0.084375 0.065625 0.0875
0 0.46171875 0.08984375 0.0609375 0.0765625
0 0.55859375 0.10390625 0.059375 0.071875
0 0.51875 0.07890625 0.0515625 0.0625
0 0.49140625 0.05078125 0.0484375 0.0625
0 0.65859375 0.07734375 0.0546875 0.0640625