0 0.640625 0.88515625 0.2046875 0.21875
0 0.66953125 0.69453125 0.165625 0.203125
0 0.7015625 0.4765625 0.1421875 0.1796875
0 0.70625 0.3578125 0.1 0.1328125
0 0.86953125 0.36484375 0.175 0.253125
0 0.921875 0.50546875 0.15 0.1921875
0 0.63515625 0.1890625 0.0890625 0.103125
0 0.6640625 0.10625 0.075 0.1078125
0 0.66328125 0.05078125 0.1234375 0.1015625
0 0.578125 0.0625 0.109375 0.125
0 0.19296875 0.43203125 0.1109375 0.140625
0 0.25390625 0.30859375 0.096875 0.1234375
0 0.15703125 0.2765625 0.08125 0.10625
0 0.25546875 0.18828125 0.078125 0.1
0 0.2515625 0.09609375 0.05625 0.0703125
0 0.17109375 0.103125 0.0640625 0.0953125
0 0.09765625 0.1140625 0.071875 0.0875
0 0.49453125 0.09765625 0.05625 0.0671875