0 0.07421875 0.7125 0.1484375 0.265625
0 0.13984375 0.5046875 0.10625 0.146875
0 0.08515625 0.40546875 0.084375 0.1140625
0 0.2515625 0.38828125 0.0890625 0.1125
0 0.18671875 0.3359375 0.078125 0.10625
0 0.22734375 0.27109375 0.0734375 0.1109375
0 0.3296875 0.3140625 0.078125 0.1015625
0 0.33515625 0.4828125 0.1015625 0.1375
0 0.41328125 0.4046875 0.0828125 0.1015625
0 0.471875 0.3078125 0.0703125 0.0921875
0 0.428125 0.34140625 0.0734375 0.103125
0 0.3609375 0.25546875 0.0640625 0.0953125
0 0.26328125 0.1328125 0.0671875 0.1265625
0 0.37109375 0.178125 0.0515625 0.06875
0 0.33125 0.078125 0.040625 0.059375
0 0.809375 0.2515625 0.0609375 0.078125
0 0.69296875 0.228125 0.0625 0.0609375
0 0.73984375 0.1984375 0.0515625 0.0671875
0 0.640625 0.1828125 0.0546875 0.071875
0 0.759375 0.1578125 0.053125 0.0671875
0 0.6875 0.1578125 0.046875 0.0640625
0 0.7046875 0.128125 0.040625 0.053125
0 0.6234375 0.09609375 0.040625 0.05625