0 0.38203125 0.84765625 0.1625 0.209375
0 0.09765625 0.8921875 0.159375 0.1828125
0 0.0890625 0.7 0.1265625 0.19375
0 0.3078125 0.6609375 0.115625 0.1609375
0 0.075 0.54375 0.1171875 0.15625
0 0.23203125 0.41953125 0.0890625 0.11875
0 0.1375 0.33671875 0.084375 0.1171875
0 0.04296875 0.26171875 0.0703125 0.1671875
0 0.16640625 0.24921875 0.0984375 0.1515625
0 0.25078125 0.203125 0.0609375 0.065625
0 0.2796875 0.346875 0.084375 0.090625
0 0.2921875 0.27578125 0.0734375 0.1109375
0 0.3390625 0.228125 0.0625 0.0703125
0 0.434375 0.14453125 0.046875 0.06875
0 0.41484375 0.09765625 0.040625 0.0828125
0 0.40703125 0.053125 0.0921875 0.10625
0 0.50234375 0.05546875 0.0796875 0.1109375
0 0.58046875 0.21640625 0.0671875 0.1046875
0 0.603125 0.06953125 0.0484375 0.0515625
0 0.7765625 0.40703125 0.0984375 0.1453125
0 0.75234375 0.18359375 0.0671875 0.1390625
0 0.79296875 0.14453125 0.0703125 0.1546875
0 0.63203125 0.16484375 0.0515625 0.0796875
0 0.64921875 0.125 0.0453125 0.078125
0 0.6765625 0.10390625 0.034375 0.0640625
0 0.715625 0.1375 0.0390625 0.065625
0 0.73125 0.0765625 0.046875 0.0578125
0 0.8625 0.06953125 0.0734375 0.1046875
0 0.91953125 0.05625 0.0375 0.05625