0 0.23984375 0.40703125 0.0859375 0.1078125
0 0.10234375 0.421875 0.0859375 0.1078125
0 0.15078125 0.33515625 0.06875 0.0921875
0 0.26015625 0.321875 0.0703125 0.1046875
0 0.1125 0.2609375 0.0609375 0.0765625
0 0.16171875 0.2203125 0.05625 0.071875
0 0.1890625 0.26640625 0.05625 0.075
0 0.31796875 0.22265625 0.05625 0.075
0 0.275 0.1953125 0.05 0.0671875
0 0.24453125 0.171875 0.0484375 0.0734375
0 0.33515625 0.146875 0.0484375 0.0671875
0 0.64296875 0.47578125 0.1125 0.15625
0 0.84609375 0.4875 0.121875 0.1578125
0 0.7765625 0.4125 0.1046875 0.1265625
0 0.825 0.31953125 0.084375 0.115625
0 0.75078125 0.24765625 0.06875 0.09375
0 0.6421875 0.29765625 0.0796875 0.1078125
0 0.61640625 0.2359375 0.0640625 0.0875
0 0.50859375 0.27421875 0.0703125 0.0875
0 0.5609375 0.35234375 0.0921875 0.146875
0 0.71171875 0.20078125 0.065625 0.0828125
0 0.69609375 0.15859375 0.05625 0.0890625
0 0.728125 0.05625 0.059375 0.1125
0 0.65 0.090625 0.0453125 0.059375
0 0.78046875 0.0375 0.0453125 0.059375