0 0.94375 0.4828125 0.096875 0.159375
0 0.6984375 0.74609375 0.13125 0.1546875
0 0.815625 0.415625 0.071875 0.1
0 0.7484375 0.375 0.065625 0.1
0 0.88515625 0.30703125 0.096875 0.23125
0 0.96484375 0.23984375 0.06875 0.278125
0 0.78671875 0.240625 0.053125 0.06875
0 0.7171875 0.28671875 0.059375 0.0765625
0 0.68203125 0.23984375 0.053125 0.0703125
0 0.7375 0.2078125 0.046875 0.0625
0 0.70390625 0.178125 0.04375 0.053125
0 0.2859375 0.4015625 0.075 0.1109375
0 0.2703125 0.2796875 0.0625 0.0875
0 0.27734375 0.2203125 0.053125 0.065625
0 0.3296875 0.1515625 0.04375 0.059375
0 0.3015625 0.11640625 0.0421875 0.05625
0 0.225 0.10703125 0.040625 0.05625
0 0.2234375 0.0640625 0.046875 0.0625
0 0.14609375 0.03046875 0.034375 0.0609375
0 0.5875 0.11640625 0.034375 0.05625
0 0.5046875 0.0890625 0.034375 0.0421875