0 0.521875 0.84921875 0.2015625 0.2578125
0 0.78046875 0.91875 0.2046875 0.1625
0 0.68125 0.67109375 0.134375 0.1640625
0 0.853125 0.728125 0.228125 0.3328125
0 0.9203125 0.58203125 0.128125 0.13125
0 0.7921875 0.390625 0.0921875 0.115625
0 0.8859375 0.29765625 0.090625 0.128125
0 0.9296875 0.17890625 0.1328125 0.209375
0 0.834375 0.18671875 0.128125 0.1953125
0 0.7390625 0.2203125 0.06875 0.0796875
0 0.71640625 0.178125 0.0625 0.075
0 0.70703125 0.1078125 0.05625 0.0734375
0 0.1734375 0.27109375 0.1046875 0.134375
0 0.38671875 0.209375 0.0828125 0.1015625
0 0.4171875 0.14609375 0.0734375 0.0875
0 0.3375 0.10078125 0.0703125 0.0921875
0 0.41171875 0.06171875 0.06875 0.090625
0 0.34765625 0.0109375 0.0546875 0.021875
0 0.39609375 0.009375 0.0484375 0.01875
0 0.60546875 0.07265625 0.05625 0.0640625
0 0.64375 0.1109375 0.0609375 0.0703125