0 0.49375 0.87421875 0.178125 0.2359375
0 0.73984375 0.9125 0.1734375 0.175
0 0.83515625 0.74140625 0.1453125 0.1859375
0 0.73515625 0.5703125 0.1125 0.1390625
0 0.7234375 0.484375 0.1015625 0.121875
0 0.8796875 0.4828125 0.0953125 0.121875
0 0.878125 0.39140625 0.1203125 0.1734375
0 0.7484375 0.38984375 0.084375 0.1125
0 0.73203125 0.33046875 0.0703125 0.090625
0 0.821875 0.32421875 0.0671875 0.075
0 0.97109375 0.4234375 0.0578125 0.1875
0 0.671875 0.21640625 0.059375 0.0734375
0 0.70703125 0.18125 0.059375 0.0828125
0 0.7265625 0.11015625 0.1078125 0.1640625
0 0.64296875 0.103125 0.0875 0.1328125
0 0.55390625 0.10859375 0.0515625 0.0671875
0 0.509375 0.07578125 0.046875 0.0578125
0 0.47578125 0.03515625 0.04375 0.0578125
0 0.14296875 0.4453125 0.1234375 0.1484375
0 0.15390625 0.321875 0.09375 0.1296875
0 0.35859375 0.28046875 0.084375 0.1109375
0 0.3625 0.121875 0.078125 0.1421875
0 0.48828125 0.16953125 0.065625 0.0984375
0 0.44375 0.1171875 0.0484375 0.0765625
0 0.4171875 0.0828125 0.05 0.0703125
0 0.3203125 0.08125 0.0859375 0.146875
0 0.396875 0.059375 0.0375 0.0609375
0 0.25234375 0.0265625 0.0828125 0.053125