0 0.05703125 0.3890625 0.1125 0.159375
0 0.31640625 0.3328125 0.0875 0.1125
0 0.38359375 0.2578125 0.0734375 0.090625
0 0.30703125 0.20859375 0.071875 0.0890625
0 0.40078125 0.165625 0.0609375 0.084375
0 0.4125 0.084375 0.05625 0.0828125
0 0.353125 0.065625 0.0609375 0.1078125
0 0.2875 0.046875 0.071875 0.09375
0 0.5046875 0.86328125 0.1671875 0.1984375
0 0.6546875 0.64296875 0.1359375 0.18125
0 0.7171875 0.53359375 0.0953125 0.1171875
0 0.85703125 0.58359375 0.1625 0.234375
0 0.84609375 0.75078125 0.140625 0.178125
0 0.7953125 0.27265625 0.0640625 0.103125
0 0.7390625 0.33828125 0.071875 0.096875
0 0.74296875 0.18203125 0.1015625 0.1640625
0 0.82734375 0.1734375 0.1171875 0.19375
0 0.6546875 0.21015625 0.0546875 0.0703125
0 0.63203125 0.17578125 0.0546875 0.0671875
0 0.61015625 0.1203125 0.0453125 0.0640625
0 0.55546875 0.12109375 0.0453125 0.0546875
0 0.5140625 0.0921875 0.04375 0.0546875