0 0.95625 0.48984375 0.0875 0.1578125
0 0.7125 0.371875 0.084375 0.1140625
0 0.6625 0.27890625 0.0703125 0.090625
0 0.7515625 0.246875 0.0671875 0.0890625
0 0.665625 0.18046875 0.059375 0.084375
0 0.6734375 0.0953125 0.0515625 0.084375
0 0.73828125 0.08984375 0.05625 0.109375
0 0.81328125 0.0765625 0.0625 0.1140625
0 0.39453125 0.86953125 0.1609375 0.196875
0 0.29375 0.60859375 0.128125 0.1828125
0 0.25625 0.48203125 0.090625 0.1171875
0 0.10078125 0.49921875 0.1515625 0.2359375
0 0.071875 0.6734375 0.134375 0.178125
0 0.23671875 0.19765625 0.0578125 0.1046875
0 0.2796875 0.278125 0.06875 0.096875
0 0.31328125 0.11640625 0.09375 0.165625
0 0.2265625 0.09296875 0.10625 0.1859375
0 0.3953125 0.1671875 0.05 0.0703125
0 0.42734375 0.13671875 0.053125 0.0671875
0 0.4625 0.08515625 0.0421875 0.0640625
0 0.51875 0.0984375 0.04375 0.0546875
0 0.56796875 0.0796875 0.040625 0.0546875