0 0.69609375 0.90390625 0.1734375 0.1921875
0 0.7125 0.56953125 0.1109375 0.140625
0 0.8890625 0.415625 0.0953125 0.159375
0 0.84140625 0.26640625 0.121875 0.2203125
0 0.9359375 0.23125 0.128125 0.25625
0 0.753125 0.33671875 0.075 0.0953125
0 0.71875 0.29453125 0.071875 0.0921875
0 0.675 0.22109375 0.0625 0.078125
0 0.740625 0.1984375 0.05625 0.0671875
0 0.69609375 0.165625 0.0515625 0.0671875
0 0.64375 0.18125 0.05 0.0578125
0 0.66171875 0.1359375 0.046875 0.05625
0 0.55 0.071875 0.0390625 0.0578125
0 0.14609375 0.43984375 0.11875 0.165625
0 0.21171875 0.27421875 0.08125 0.103125
0 0.265625 0.2140625 0.065625 0.09375
0 0.36796875 0.14375 0.053125 0.075
0 0.35078125 0.10078125 0.0484375 0.059375
0 0.2765625 0.07890625 0.0515625 0.0640625
0 0.29765625 0.0375 0.0484375 0.0609375
0 0.22890625 0.0078125 0.0453125 0.015625