0 0.69609375 0.65078125 0.115625 0.1515625
0 0.90390625 0.4515625 0.0859375 0.146875
0 0.76796875 0.3796875 0.0703125 0.0890625
0 0.7171875 0.340625 0.0671875 0.084375
0 0.8484375 0.29140625 0.1125 0.2125
0 0.94375 0.24375 0.109375 0.246875
0 0.75078125 0.22890625 0.053125 0.0765625
0 0.68203125 0.265625 0.059375 0.0765625
0 0.6484375 0.225 0.053125 0.0625
0 0.703125 0.1984375 0.046875 0.0703125
0 0.66796875 0.16953125 0.046875 0.0578125
0 0.221875 0.42890625 0.0921875 0.140625
0 0.24296875 0.28828125 0.065625 0.0890625
0 0.26796875 0.234375 0.0546875 0.084375
0 0.3421875 0.15859375 0.0484375 0.0640625
0 0.31796875 0.1203125 0.040625 0.0578125
0 0.24375 0.1125 0.0453125 0.059375
0 0.2515625 0.0625 0.040625 0.0625
0 0.18046875 0.028125 0.0421875 0.05625
0 0.55625 0.109375 0.040625 0.0640625
0 0.471875 0.075 0.0390625 0.05