0 0.196875 0.87265625 0.1796875 0.1984375
0 0.271875 0.5375 0.1171875 0.146875
0 0.13671875 0.3359375 0.1 0.165625
0 0.22421875 0.19921875 0.1296875 0.2296875
0 0.13671875 0.1390625 0.140625 0.265625
0 0.29296875 0.29375 0.078125 0.0984375
0 0.3390625 0.26015625 0.0765625 0.096875
0 0.40234375 0.19921875 0.065625 0.08125
0 0.3421875 0.15859375 0.0578125 0.0703125
0 0.39609375 0.13828125 0.053125 0.0703125
0 0.44375 0.16796875 0.053125 0.0609375
0 0.4375 0.1171875 0.0484375 0.059375
0 0.56640625 0.08359375 0.040625 0.0609375
0 0.87109375 0.559375 0.125 0.171875
0 0.85078125 0.37578125 0.084375 0.1078125
0 0.8125 0.30078125 0.06875 0.096875
0 0.72890625 0.20390625 0.05625 0.078125
0 0.75859375 0.165625 0.05 0.0625
0 0.8375 0.16328125 0.0546875 0.0671875
0 0.82734375 0.11640625 0.0515625 0.0640625
0 0.909375 0.0828125 0.0484375 0.0640625
0 0.8203125 0.05625 0.0359375 0.034375