0 0.3859375 0.91015625 0.209375 0.1796875
0 0.26171875 0.66875 0.146875 0.1859375
0 0.09375 0.6484375 0.1875 0.371875
0 0.05625 0.46015625 0.1125 0.1578125
0 0.234375 0.2953125 0.1015625 0.1296875
0 0.175 0.16171875 0.09375 0.1453125
0 0.18203125 0.0609375 0.1390625 0.121875
0 0.27109375 0.08359375 0.1296875 0.1671875
0 0.34453125 0.1390625 0.071875 0.0875
0 0.3796875 0.109375 0.06875 0.08125
0 0.41171875 0.04140625 0.0546875 0.0671875
0 0.94765625 0.50859375 0.1046875 0.1578125
0 0.83828125 0.35703125 0.09375 0.1203125
0 0.79140625 0.15859375 0.0640625 0.0828125
0 0.68828125 0.2296875 0.0796875 0.096875
0 0.70234375 0.1609375 0.0625 0.078125
0 0.7515625 0.0984375 0.0578125 0.08125
0 0.83515625 0.07265625 0.0453125 0.0328125
0 0.79765625 0.06328125 0.046875 0.0296875