0 0.72421875 0.17890625 0.0671875 0.08125
0 0.6046875 0.1765625 0.0640625 0.078125
0 0.6390625 0.1453125 0.0546875 0.0703125
0 0.65390625 0.109375 0.05625 0.06875
0 0.53828125 0.14765625 0.05625 0.071875
0 0.58046875 0.11953125 0.05625 0.06875
0 0.59453125 0.0953125 0.0453125 0.0609375
0 0.21484375 0.70546875 0.165625 0.1953125
0 0.16875 0.55546875 0.1171875 0.15625
0 0.10859375 0.48046875 0.1109375 0.13125
0 0.1640625 0.39921875 0.103125 0.1328125
0 0.26796875 0.43515625 0.1015625 0.125
0 0.34453125 0.55546875 0.1265625 0.14375
0 0.375 0.46484375 0.103125 0.134375
0 0.43125 0.39765625 0.0953125 0.1171875
0 0.31953125 0.3609375 0.090625 0.1359375
0 0.2125 0.225 0.0921875 0.14375
0 0.334375 0.2625 0.0609375 0.084375
0 0.31796875 0.146875 0.0546875 0.0671875
0 0.246875 0.1546875 0.0515625 0.059375
0 0.17109375 0.16796875 0.046875 0.065625
0 0.103125 0.1375 0.05 0.0625
0 0.159375 0.11796875 0.046875 0.059375