0 0.68515625 0.63984375 0.1328125 0.1828125
0 0.9 0.58359375 0.121875 0.1703125
0 0.8359375 0.93515625 0.1734375 0.0953125
0 0.89609375 0.4203125 0.0875 0.121875
0 0.721875 0.3546875 0.0875 0.1015625
0 0.71328125 0.28125 0.0734375 0.0828125
0 0.83046875 0.2640625 0.075 0.1046875
0 0.86328125 0.33515625 0.084375 0.10625
0 0.94921875 0.246875 0.071875 0.09375
0 0.88046875 0.20546875 0.0625 0.0765625
0 0.80390625 0.12578125 0.09375 0.13125
0 0.72421875 0.16484375 0.0609375 0.0890625
0 0.65703125 0.18984375 0.0625 0.084375
0 0.5921875 0.15234375 0.053125 0.071875
0 0.68515625 0.11171875 0.0875 0.11875
0 0.55390625 0.11640625 0.053125 0.0796875
0 0.240625 0.41953125 0.1171875 0.1796875
0 0.10859375 0.328125 0.1203125 0.234375
0 0.15546875 0.23984375 0.1109375 0.228125
0 0.30078125 0.2265625 0.075 0.0859375
0 0.33125 0.296875 0.0796875 0.11875
0 0.4140625 0.228125 0.0703125 0.1015625
0 0.38515625 0.1390625 0.053125 0.078125
0 0.3 0.14609375 0.0515625 0.06875
0 0.18671875 0.096875 0.0828125 0.15625
0 0.253125 0.10078125 0.0484375 0.0640625
0 0.09609375 0.0640625 0.0484375 0.0609375