0 0.6015625 0.9359375 0.1765625 0.128125
0 0.68671875 0.65234375 0.13125 0.1921875
0 0.87578125 0.85 0.15 0.2015625
0 0.90703125 0.55625 0.096875 0.128125
0 0.71953125 0.41953125 0.0828125 0.11875
0 0.90546875 0.41640625 0.0828125 0.109375
0 0.8921875 0.48125 0.0828125 0.0875
0 0.98203125 0.35234375 0.0296875 0.1125
0 0.9359375 0.28515625 0.0734375 0.0921875
0 0.815625 0.29296875 0.0671875 0.0890625
0 0.86484375 0.225 0.0578125 0.084375
0 0.6875 0.2484375 0.0640625 0.084375
0 0.7625 0.225 0.0546875 0.0796875
0 0.71953125 0.1890625 0.0484375 0.0703125
0 0.7546875 0.15703125 0.0484375 0.065625
0 0.67421875 0.1578125 0.053125 0.0671875
0 0.615625 0.175 0.05 0.065625
0 0.70546875 0.1328125 0.040625 0.046875
0 0.62890625 0.08515625 0.0671875 0.0953125
0 0.56875 0.1484375 0.040625 0.05625
0 0.5421875 0.09609375 0.0390625 0.05625
0 0.05703125 0.72734375 0.10625 0.2234375
0 0.13671875 0.5265625 0.103125 0.1453125
0 0.25078125 0.5953125 0.1234375 0.159375
0 0.41640625 0.40546875 0.084375 0.109375
0 0.2875 0.36171875 0.0671875 0.109375
0 0.21484375 0.2109375 0.1203125 0.271875
0 0.35859375 0.2640625 0.0625 0.0859375
0 0.4578125 0.2265625 0.0578125 0.0828125
0 0.346875 0.1703125 0.046875 0.0640625
0 0.43046875 0.1703125 0.046875 0.0828125
0 0.3953125 0.1390625 0.040625 0.0640625
0 0.3109375 0.13515625 0.0484375 0.0609375
0 0.4703125 0.0984375 0.04375 0.05625