0 0.309375 0.653125 0.1296875 0.178125
0 0.10390625 0.5953125 0.11875 0.165625
0 0.16015625 0.9328125 0.165625 0.0921875
0 0.11015625 0.43984375 0.0859375 0.11875
0 0.27890625 0.3796875 0.084375 0.1
0 0.2875 0.30859375 0.071875 0.0796875
0 0.17578125 0.290625 0.0734375 0.1015625
0 0.14296875 0.35859375 0.0828125 0.103125
0 0.06171875 0.27265625 0.0703125 0.090625
0 0.12890625 0.23359375 0.0625 0.075
0 0.2046875 0.1578125 0.0921875 0.1265625
0 0.2796875 0.19765625 0.059375 0.0859375
0 0.34296875 0.22265625 0.0609375 0.0828125
0 0.40625 0.1875 0.053125 0.06875
0 0.3171875 0.14765625 0.0859375 0.115625
0 0.44375 0.15390625 0.0515625 0.0765625
0 0.73984375 0.45 0.115625 0.1734375
0 0.86796875 0.36484375 0.11875 0.2265625
0 0.82421875 0.278125 0.109375 0.2203125
0 0.684375 0.26328125 0.0734375 0.084375
0 0.6546875 0.33046875 0.078125 0.115625
0 0.5765625 0.26328125 0.06875 0.0984375
0 0.6046875 0.178125 0.053125 0.075
0 0.6875 0.1859375 0.05 0.0671875
0 0.7984375 0.11875 0.084375 0.19375
0 0.73359375 0.14375 0.046875 0.0625
0 0.884375 0.11171875 0.046875 0.059375