0 0.23359375 0.40859375 0.09375 0.1078125
0 0.1109375 0.446875 0.1015625 0.1140625
0 0.15234375 0.36484375 0.0796875 0.09375
0 0.11171875 0.303125 0.06875 0.0875
0 0.15546875 0.25859375 0.065625 0.08125
0 0.1859375 0.29375 0.0671875 0.078125
0 0.2109375 0.26875 0.059375 0.065625
0 0.25390625 0.334375 0.0765625 0.1015625
0 0.26796875 0.2859375 0.0671875 0.0890625
0 0.3046875 0.2359375 0.0671875 0.0890625
0 0.25859375 0.22421875 0.05625 0.06875
0 0.2234375 0.20234375 0.0578125 0.06875
0 0.3125 0.1625 0.0484375 0.0625
0 0.40625 0.1265625 0.046875 0.053125
0 0.7203125 0.50703125 0.1359375 0.1796875
0 0.93046875 0.48984375 0.1390625 0.1703125
0 0.83828125 0.41953125 0.128125 0.153125
0 0.8453125 0.30546875 0.10625 0.1265625
0 0.64375 0.3078125 0.090625 0.1125
0 0.58203125 0.38671875 0.1171875 0.16875
0 0.73671875 0.240625 0.0859375 0.10625
0 0.5984375 0.24921875 0.0765625 0.1015625
0 0.5 0.309375 0.0859375 0.1078125
0 0.68515625 0.2 0.078125 0.0953125
0 0.659375 0.1609375 0.0734375 0.0984375
0 0.571875 0.203125 0.0703125 0.0859375
0 0.6625 0.05625 0.078125 0.1125
0 0.5875 0.1 0.0515625 0.065625
0 0.7078125 0.02421875 0.04375 0.0484375