0 0.5484375 0.953125 0.178125 0.09375
0 0.3765625 0.78125 0.1171875 0.1625
0 0.1828125 0.809375 0.19375 0.3328125
0 0.1265625 0.6359375 0.1078125 0.1390625
0 0.26328125 0.4375 0.0796875 0.115625
0 0.17578125 0.32578125 0.06875 0.13125
0 0.15078125 0.17578125 0.1046875 0.21875
0 0.24453125 0.21171875 0.0953125 0.1890625
0 0.3296875 0.265625 0.059375 0.0765625
0 0.35546875 0.2296875 0.05625 0.0703125
0 0.3703125 0.15859375 0.04375 0.0578125
0 0.97109375 0.46796875 0.0578125 0.1359375
0 0.84375 0.3546875 0.0734375 0.10625
0 0.75390625 0.1796875 0.0515625 0.0734375
0 0.6734375 0.26953125 0.0640625 0.084375
0 0.67109375 0.203125 0.05 0.06875
0 0.70234375 0.1328125 0.0453125 0.0734375
0 0.77265625 0.0546875 0.0421875 0.0921875
0 0.8515625 0.04765625 0.05625 0.0953125
0 0.7359375 0.06875 0.04375 0.0609375
0 0.80234375 0.04375 0.034375 0.0546875