0 0.21875 0.51171875 0.1234375 0.146875
0 0.07265625 0.42109375 0.1453125 0.4359375
0 0.24375 0.43671875 0.1046875 0.1265625
0 0.16015625 0.37421875 0.0875 0.109375
0 0.19765625 0.2859375 0.071875 0.09375
0 0.2171875 0.23984375 0.06875 0.084375
0 0.2140625 0.196875 0.065625 0.0890625
0 0.39765625 0.44453125 0.1125 0.1453125
0 0.41953125 0.32265625 0.096875 0.146875
0 0.3234375 0.29921875 0.084375 0.0984375
0 0.4359375 0.24609375 0.0734375 0.0921875
0 0.31875 0.2421875 0.06875 0.0921875
0 0.3078125 0.19765625 0.06875 0.078125
0 0.2953125 0.16953125 0.0640625 0.084375
0 0.14609375 0.115625 0.0671875 0.1109375
0 0.2234375 0.11875 0.05 0.06875
0 0.08359375 0.10859375 0.0484375 0.0578125
0 0.74765625 0.36953125 0.1078125 0.1328125
0 0.8984375 0.3328125 0.109375 0.1328125
0 0.82578125 0.253125 0.0953125 0.121875
0 0.7109375 0.2734375 0.0828125 0.109375
0 0.77109375 0.18828125 0.06875 0.090625
0 0.84765625 0.15703125 0.075 0.1
0 0.78359375 0.12890625 0.0625 0.0828125
0 0.73203125 0.16640625 0.059375 0.075
0 0.63359375 0.18671875 0.0640625 0.0828125
0 0.665625 0.140625 0.0625 0.0796875
0 0.690625 0.1015625 0.059375 0.08125
0 0.596875 0.10390625 0.05625 0.06875
0 0.50546875 0.11328125 0.0546875 0.065625
0 0.54375 0.09140625 0.046875 0.0578125
0 0.5703125 0.06640625 0.0453125 0.0578125
0 0.4125 0.08515625 0.05 0.059375