0 0.32265625 0.76640625 0.134375 0.184375
0 0.85234375 0.66640625 0.14375 0.184375
0 0.97890625 0.6015625 0.0421875 0.171875
0 0.9890625 0.46484375 0.021875 0.134375
0 0.93203125 0.37265625 0.0921875 0.140625
0 0.8328125 0.4546875 0.1078125 0.1359375
0 0.746875 0.528125 0.1046875 0.14375
0 0.64296875 0.44609375 0.0921875 0.11875
0 0.71875 0.36796875 0.0859375 0.1296875
0 0.66328125 0.25390625 0.0609375 0.090625
0 0.64140625 0.21875 0.0484375 0.08125
0 0.77265625 0.17734375 0.0765625 0.153125
0 0.6046875 0.11171875 0.04375 0.065625
0 0.69375 0.10625 0.0453125 0.0640625
0 0.76171875 0.05 0.0375 0.059375
0 0.834375 0.05703125 0.0421875 0.05625
0 0.79140625 0.028125 0.0359375 0.05625
0 0.87734375 0.02421875 0.0359375 0.0484375
0 0.290625 0.1546875 0.05625 0.065625
0 0.3453125 0.0765625 0.0375 0.0640625
0 0.371875 0.11328125 0.04375 0.059375
0 0.41328125 0.12578125 0.053125 0.0640625
0 0.47421875 0.0921875 0.05 0.059375
0 0.52421875 0.07421875 0.040625 0.059375
0 0.4015625 0.0578125 0.034375 0.053125
0 0.42578125 0.0828125 0.040625 0.05625
0 0.49140625 0.034375 0.040625 0.0609375
0 0.53515625 0.0359375 0.040625 0.05625
0 0.60390625 0.034375 0.0453125 0.053125
0 0.6640625 0.01015625 0.034375 0.01875