0 0.61484375 0.7796875 0.1546875 0.215625
0 0.8890625 0.66328125 0.1140625 0.1453125
0 0.71171875 0.49921875 0.0921875 0.1265625
0 0.89765625 0.57578125 0.090625 0.1125
0 0.91171875 0.49921875 0.0796875 0.1125
0 0.87890625 0.4515625 0.078125 0.103125
0 0.9640625 0.3578125 0.071875 0.084375
0 0.8421875 0.3515625 0.0671875 0.09375
0 0.71875 0.303125 0.0625 0.08125
0 0.7953125 0.27890625 0.05625 0.071875
0 0.90078125 0.2828125 0.0609375 0.08125
0 0.7578125 0.23671875 0.0515625 0.071875
0 0.79921875 0.203125 0.046875 0.0578125
0 0.72109375 0.19921875 0.053125 0.0703125
0 0.66015625 0.2140625 0.053125 0.06875
0 0.61796875 0.17890625 0.046875 0.0609375
0 0.68203125 0.11796875 0.0703125 0.0953125
0 0.16328125 0.59140625 0.1296875 0.1875
0 0.2 0.44921875 0.1 0.1296875
0 0.32734375 0.5015625 0.1078125 0.14375
0 0.3234375 0.325 0.0625 0.1015625
0 0.4515625 0.36328125 0.078125 0.0984375
0 0.25625 0.17734375 0.115625 0.2515625
0 0.3828125 0.23984375 0.0640625 0.0828125
0 0.471875 0.21015625 0.0546875 0.0796875
0 0.36875 0.153125 0.046875 0.0625
0 0.4484375 0.15546875 0.05 0.08125
0 0.33203125 0.1234375 0.040625 0.0609375
0 0.4109375 0.1234375 0.0421875 0.059375