0 0.7890625 0.4578125 0.1046875 0.1265625
0 0.9609375 0.44921875 0.078125 0.1296875
0 0.9171875 0.33515625 0.0796875 0.10625
0 0.7859375 0.3390625 0.0859375 0.1140625
0 0.80859375 0.28203125 0.071875 0.078125
0 0.88046875 0.25 0.065625 0.084375
0 0.84375 0.215625 0.0546875 0.0765625
0 0.73984375 0.22265625 0.0625 0.0875
0 0.7859375 0.16953125 0.05 0.078125
0 0.821875 0.13203125 0.0546875 0.0765625
0 0.9078125 0.18046875 0.0609375 0.08125
0 0.96796875 0.23515625 0.0640625 0.084375
0 0.725 0.1171875 0.0484375 0.0625
0 0.67265625 0.08671875 0.0453125 0.065625
0 0.0390625 0.5859375 0.078125 0.175
0 0.275 0.3828125 0.0921875 0.121875
0 0.09296875 0.26875 0.184375 0.403125
0 0.21953125 0.2578125 0.0703125 0.1
0 0.26015625 0.18125 0.05625 0.084375
0 0.30859375 0.31953125 0.090625 0.115625
0 0.46015625 0.3515625 0.0890625 0.1328125
0 0.4875 0.25078125 0.0671875 0.1234375
0 0.3921875 0.2125 0.0703125 0.1015625
0 0.25859375 0.184375 0.0609375 0.084375
0 0.3875 0.1578125 0.059375 0.0890625
0 0.503125 0.1828125 0.0609375 0.0875
0 0.28359375 0.14375 0.0578125 0.0796875
0 0.22578125 0.03046875 0.0578125 0.0609375
0 0.29296875 0.0265625 0.0390625 0.053125