0 0.0578125 0.54609375 0.115625 0.1859375
0 0.17734375 0.34453125 0.096875 0.128125
0 0.2640625 0.26875 0.0765625 0.1109375
0 0.39375 0.19921875 0.059375 0.0765625
0 0.37890625 0.14765625 0.05625 0.0671875
0 0.30390625 0.12109375 0.0515625 0.06875
0 0.33828125 0.078125 0.05 0.0640625
0 0.26640625 0.0265625 0.0546875 0.053125
0 0.815625 0.86484375 0.1671875 0.175
0 0.76953125 0.571875 0.1046875 0.140625
0 0.92265625 0.4375 0.0953125 0.14375
0 0.9546875 0.259375 0.090625 0.240625
0 0.86953125 0.2921875 0.1171875 0.1921875
0 0.7734375 0.3546875 0.075 0.0921875
0 0.74375 0.31171875 0.0640625 0.08125
0 0.75859375 0.21875 0.05625 0.0671875
0 0.6921875 0.23984375 0.0625 0.0734375
0 0.7125 0.1859375 0.0515625 0.0625
0 0.678125 0.15078125 0.046875 0.0609375