0 0.90390625 0.78671875 0.18125 0.221875
0 0.91796875 0.51875 0.1390625 0.175
0 0.715625 0.49453125 0.134375 0.1546875
0 0.7234375 0.3953125 0.109375 0.1359375
0 0.875 0.415625 0.1125 0.1421875
0 0.84609375 0.32421875 0.109375 0.134375
0 0.89921875 0.23046875 0.0828125 0.103125
0 0.815625 0.15 0.1140625 0.1578125
0 0.74140625 0.21796875 0.0734375 0.0953125
0 0.67890625 0.265625 0.08125 0.096875
0 0.61796875 0.23359375 0.0734375 0.0953125
0 0.58203125 0.1890625 0.065625 0.084375
0 0.5328125 0.17109375 0.053125 0.06875
0 0.6 0.13828125 0.0671875 0.071875
0 0.69453125 0.15703125 0.1015625 0.1296875
0 0.36640625 0.334375 0.0953125 0.13125
0 0.0765625 0.70078125 0.121875 0.1921875
0 0.20234375 0.31953125 0.1015625 0.1609375
0 0.278125 0.2375 0.0609375 0.06875
0 0.36171875 0.215625 0.059375 0.08125
0 0.35390625 0.26640625 0.065625 0.090625
0 0.2921875 0.16484375 0.053125 0.0703125
0 0.240625 0.1890625 0.04375 0.059375
0 0.13515625 0.15 0.096875 0.1546875