0 0.65078125 0.659375 0.1421875 0.171875
0 0.89765625 0.4859375 0.1109375 0.1625
0 0.76875 0.38984375 0.0859375 0.1015625
0 0.72265625 0.3421875 0.0828125 0.096875
0 0.86484375 0.31171875 0.15 0.234375
0 0.9484375 0.278125 0.103125 0.26875
0 0.775 0.23125 0.065625 0.0859375
0 0.6984375 0.2578125 0.0734375 0.0875
0 0.67109375 0.2109375 0.0640625 0.0734375
0 0.73046875 0.1921875 0.059375 0.0796875
0 0.7 0.15703125 0.0578125 0.0671875
0 0.196875 0.3515625 0.1171875 0.1578125
0 0.24140625 0.21015625 0.0828125 0.1015625
0 0.2765625 0.15859375 0.0703125 0.09375
0 0.365625 0.0921875 0.059375 0.0734375
0 0.346875 0.04921875 0.0515625 0.065625
0 0.2703125 0.03125 0.05625 0.0625
0 0.59453125 0.07578125 0.0515625 0.071875
0 0.51171875 0.02734375 0.0484375 0.0546875