0 0.51640625 0.9 0.1890625 0.2
0 0.671875 0.528125 0.1109375 0.153125
0 0.8890625 0.70625 0.128125 0.1640625
0 0.90234375 0.61328125 0.1046875 0.1640625
0 0.915625 0.4984375 0.1 0.153125
0 0.8796875 0.4390625 0.096875 0.1296875
0 0.82890625 0.3203125 0.08125 0.1140625
0 0.68984375 0.28046875 0.0734375 0.1078125
0 0.96328125 0.3125 0.0640625 0.1078125
0 0.89140625 0.22734375 0.06875 0.0953125
0 0.77734375 0.23359375 0.0609375 0.090625
0 0.73359375 0.1875 0.0515625 0.0828125
0 0.621875 0.175 0.0578125 0.08125
0 0.6875 0.14765625 0.05625 0.078125
0 0.77578125 0.14296875 0.05625 0.075
0 0.64296875 0.059375 0.075 0.10625
0 0.58125 0.140625 0.05625 0.0671875
0 0.5515625 0.0796875 0.0515625 0.0671875
0 0.19375 0.525 0.1265625 0.1796875
0 0.16875 0.409375 0.0984375 0.1203125
0 0.32109375 0.43359375 0.103125 0.146875
0 0.25859375 0.2734375 0.06875 0.103125
0 0.40390625 0.29296875 0.078125 0.1015625
0 0.296875 0.18125 0.0515625 0.071875
0 0.37890625 0.1453125 0.053125 0.071875
0 0.171875 0.1375 0.1109375 0.25625
0 0.26328125 0.10234375 0.05 0.0640625
0 0.34375 0.1015625 0.0484375 0.0765625
0 0.2765625 0.15234375 0.04375 0.0640625