0 0.59765625 0.74453125 0.165625 0.20625
0 0.75234375 0.946875 0.1859375 0.10625
0 0.82421875 0.8875 0.171875 0.215625
0 0.91328125 0.7421875 0.1171875 0.1609375
0 0.89140625 0.6640625 0.13125 0.1609375
0 0.90390625 0.50234375 0.1015625 0.1359375
0 0.97890625 0.40859375 0.0421875 0.1109375
0 0.88984375 0.3953125 0.0828125 0.109375
0 0.7765625 0.43984375 0.0984375 0.121875
0 0.86875 0.33671875 0.071875 0.09375
0 0.76484375 0.30234375 0.078125 0.0953125
0 0.74453125 0.253125 0.0640625 0.078125
0 0.93359375 0.296875 0.0703125 0.0859375
0 0.88515625 0.25546875 0.05625 0.0734375
0 0.8296875 0.1734375 0.0921875 0.121875
0 0.74609375 0.17890625 0.065625 0.084375
0 0.7359375 0.12734375 0.078125 0.1109375
0 0.68203125 0.16953125 0.0546875 0.06875
0 0.18671875 0.421875 0.13125 0.165625
0 0.1078125 0.2640625 0.1890625 0.2984375
0 0.41796875 0.3703125 0.1125 0.1578125
0 0.35078125 0.2921875 0.0921875 0.1125
0 0.49375 0.32890625 0.096875 0.125
0 0.5375 0.2421875 0.071875 0.0890625
0 0.4171875 0.20859375 0.071875 0.0953125
0 0.35703125 0.0953125 0.1296875 0.190625
0 0.44140625 0.1421875 0.0671875 0.0765625
0 0.509375 0.11484375 0.0546875 0.0796875
0 0.47890625 0.075 0.046875 0.0734375
0 0.41640625 0.06015625 0.053125 0.071875
0 0.2984375 0.01796875 0.04375 0.0359375