0 0.48046875 0.940625 0.1953125 0.11875
0 0.64296875 0.709375 0.16875 0.215625
0 0.771875 0.92109375 0.190625 0.1578125
0 0.884375 0.67734375 0.121875 0.1453125
0 0.73984375 0.49140625 0.1046875 0.134375
0 0.921875 0.540625 0.1046875 0.125
0 0.89140625 0.60078125 0.1 0.1046875
0 0.99375 0.496875 0.0125 0.1125
0 0.97109375 0.4203125 0.0578125 0.10625
0 0.86953125 0.39375 0.084375 0.1015625
0 0.9359375 0.3421875 0.075 0.0953125
0 0.75703125 0.31640625 0.08125 0.096875
0 0.83671875 0.31328125 0.0703125 0.0890625
0 0.8046875 0.265625 0.0625 0.078125
0 0.84765625 0.24453125 0.0609375 0.0734375
0 0.76953125 0.22265625 0.065625 0.0765625
0 0.70703125 0.22265625 0.0625 0.0734375
0 0.80546875 0.20703125 0.05 0.0546875
0 0.7453125 0.13828125 0.0859375 0.1078125
0 0.66875 0.18359375 0.0515625 0.0640625
0 0.6578125 0.12578125 0.05 0.0640625
0 0.040625 0.6078125 0.08125 0.240625
0 0.140625 0.4328125 0.13125 0.1640625
0 0.2328125 0.53203125 0.15625 0.18125
0 0.44765625 0.39296875 0.10625 0.125
0 0.33359375 0.3140625 0.0890625 0.1203125
0 0.30390625 0.1453125 0.1765625 0.290625
0 0.43046875 0.2390625 0.0796875 0.096875
0 0.5375 0.22890625 0.0734375 0.09375
0 0.44609375 0.14296875 0.0609375 0.0734375
0 0.52734375 0.16640625 0.0640625 0.0921875
0 0.5015625 0.1265625 0.053125 0.071875
0 0.4203125 0.09921875 0.0609375 0.06875
0 0.58671875 0.1078125 0.0546875 0.065625