0 0.7328125 0.64453125 0.14375 0.18125
0 0.8109375 0.53203125 0.1015625 0.1484375
0 0.86875 0.30859375 0.190625 0.340625
0 0.6890625 0.37265625 0.0875 0.1171875
0 0.6875 0.31171875 0.0875 0.0875
0 0.77734375 0.29140625 0.0609375 0.096875
0 0.78046875 0.234375 0.0546875 0.0765625
0 0.55 0.31796875 0.0828125 0.1140625
0 0.5578125 0.2453125 0.0640625 0.103125
0 0.58125 0.1953125 0.0609375 0.0875
0 0.65234375 0.234375 0.0640625 0.0875
0 0.6828125 0.19375 0.053125 0.0734375
0 0.7046875 0.16171875 0.05 0.0609375
0 0.77109375 0.19453125 0.0546875 0.0703125
0 0.25703125 0.59375 0.13125 0.159375
0 0.05625 0.528125 0.1125 0.146875
0 0.253125 0.43046875 0.1109375 0.15
0 0.11015625 0.3796875 0.090625 0.125
0 0.18515625 0.34296875 0.0796875 0.1078125
0 0.29765625 0.2859375 0.0734375 0.0953125
0 0.18671875 0.2546875 0.06875 0.08125
0 0.1453125 0.2859375 0.071875 0.0984375
0 0.0609375 0.24609375 0.078125 0.1015625
0 0.128125 0.19921875 0.0671875 0.0828125
0 0.24921875 0.21015625 0.0625 0.0921875
0 0.2171875 0.15703125 0.0609375 0.078125
0 0.3109375 0.1609375 0.059375 0.0796875
0 0.390625 0.17578125 0.0625 0.0765625
0 0.36171875 0.1375 0.0515625 0.0703125
0 0.33515625 0.11015625 0.05 0.06875
0 0.41484375 0.1125 0.0515625 0.075
0 0.478125 0.12421875 0.0484375 0.059375
0 0.53671875 0.1078125 0.0484375 0.0578125