0 0.74921875 0.4328125 0.10625 0.125
0 0.89375 0.46875 0.10625 0.125
0 0.8546875 0.36953125 0.084375 0.10625
0 0.740625 0.3390625 0.0890625 0.11875
0 0.90703125 0.29609375 0.075 0.0890625
0 0.859375 0.24609375 0.06875 0.0828125
0 0.825 0.29140625 0.0703125 0.0859375
0 0.69375 0.22578125 0.0703125 0.0859375
0 0.74375 0.2015625 0.0625 0.0765625
0 0.7796875 0.18203125 0.0609375 0.0828125
0 0.6875 0.140625 0.0609375 0.0765625
0 0.31015625 0.4453125 0.1390625 0.1796875
0 0.0921875 0.42734375 0.15 0.18125
0 0.1765625 0.359375 0.1265625 0.146875
0 0.13984375 0.25234375 0.1046875 0.1328125
0 0.2296875 0.18671875 0.084375 0.1078125
0 0.33671875 0.25546875 0.0984375 0.1234375
0 0.3734375 0.19375 0.08125 0.1015625
0 0.4828125 0.2515625 0.0859375 0.1015625
0 0.41640625 0.32578125 0.1171875 0.165625
0 0.27734375 0.14296875 0.08125 0.0953125
0 0.30078125 0.1 0.071875 0.1015625
0 0.28046875 0.02421875 0.0765625 0.0484375
0 0.359375 0.03515625 0.0546875 0.06875