0 0.02421875 0.8328125 0.0484375 0.2125
0 0.2109375 0.571875 0.1125 0.196875
0 0.17578125 0.45 0.090625 0.1265625
0 0.08515625 0.38125 0.090625 0.11875
0 0.15390625 0.31796875 0.0765625 0.103125
0 0.2421875 0.35703125 0.0796875 0.10625
0 0.3578125 0.42421875 0.0890625 0.1265625
0 0.3984375 0.3671875 0.0796875 0.0921875
0 0.290625 0.2984375 0.0640625 0.0890625
0 0.18046875 0.2625 0.0703125 0.1015625
0 0.2859375 0.171875 0.0421875 0.0734375
0 0.1828125 0.1328125 0.059375 0.121875
0 0.684375 0.3171875 0.0671875 0.0921875
0 0.81328125 0.3328125 0.0734375 0.0875
0 0.7453125 0.2671875 0.059375 0.071875
0 0.76640625 0.21015625 0.053125 0.071875
0 0.6859375 0.21328125 0.0484375 0.0734375
0 0.63359375 0.25390625 0.05 0.0859375
0 0.59921875 0.2171875 0.05 0.06875
0 0.709375 0.1765625 0.0453125 0.0671875
0 0.628125 0.1390625 0.0453125 0.0671875
0 0.5890625 0.1609375 0.0453125 0.0625
0 0.5375 0.1765625 0.0546875 0.0734375
0 0.45625 0.10234375 0.04375 0.0703125