0 0.8578125 0.7328125 0.1296875 0.1703125
0 0.94296875 0.72578125 0.078125 0.1125
0 0.9828125 0.834375 0.034375 0.109375
0 0.8484375 0.60546875 0.059375 0.0703125
0 0.89296875 0.6265625 0.059375 0.078125
0 0.7984375 0.5734375 0.0578125 0.075
0 0.7296875 0.59296875 0.0546875 0.071875
0 0.559375 0.59453125 0.059375 0.0703125
0 0.61875 0.5109375 0.05 0.0609375
0 0.5140625 0.4625 0.071875 0.1234375
0 0.471875 0.50625 0.046875 0.065625
0 0.39453125 0.7578125 0.0625 0.090625
0 0.296875 0.771875 0.0796875 0.1140625
0 0.22109375 0.7140625 0.05 0.0640625