0 0.13984375 0.80078125 0.1515625 0.2125
0 0.0125 0.8828125 0.025 0.0375
0 0.04765625 0.79296875 0.0828125 0.1046875
0 0.0953125 0.69609375 0.0640625 0.0796875
0 0.14296875 0.6671875 0.059375 0.0859375
0 0.19921875 0.63125 0.0609375 0.0796875
0 0.2796875 0.65234375 0.0546875 0.0765625
0 0.46171875 0.65390625 0.065625 0.09375
0 0.396875 0.56328125 0.05625 0.06875
0 0.6375 0.84765625 0.0671875 0.09375
0 0.74375 0.8671875 0.0890625 0.1234375
0 0.83125 0.80078125 0.0578125 0.071875
0 0.5109375 0.509375 0.0796875 0.1328125