0 0.85625 0.8546875 0.1328125 0.2015625
0 0.94296875 0.86953125 0.0625 0.1171875
0 0.32890625 0.6703125 0.053125 0.0875
0 0.23046875 0.665625 0.0703125 0.121875
0 0.171875 0.5796875 0.0453125 0.0625
0 0.57265625 0.6078125 0.0484375 0.0765625
0 0.753125 0.66328125 0.04375 0.0640625
0 0.8296875 0.65546875 0.0578125 0.0765625
0 0.8765625 0.70078125 0.0546875 0.078125
0 0.9109375 0.7546875 0.0515625 0.0640625
0 0.66328125 0.534375 0.04375 0.0671875
0 0.5671875 0.4390625 0.0640625 0.128125
0 0.50703125 0.47421875 0.0421875 0.059375