0 0.98125 0.9015625 0.0375 0.071875
0 0.85078125 0.7859375 0.1234375 0.1953125
0 0.93984375 0.7875 0.0765625 0.109375
0 0.89375 0.67734375 0.0625 0.084375
0 0.8484375 0.64921875 0.0546875 0.0828125
0 0.7984375 0.60703125 0.0625 0.08125
0 0.72109375 0.62734375 0.05 0.08125
0 0.540625 0.61171875 0.0625 0.0875
0 0.34296875 0.7625 0.059375 0.0859375
0 0.24140625 0.77265625 0.078125 0.10625
0 0.6109375 0.528125 0.053125 0.071875
0 0.16484375 0.7046875 0.04375 0.059375
0 0.50234375 0.4578125 0.065625 0.115625