0 0.821875 0.89140625 0.1375 0.2
0 0.90703125 0.909375 0.0703125 0.115625
0 0.31328125 0.69296875 0.0546875 0.0875
0 0.2171875 0.6859375 0.0734375 0.1203125
0 0.16171875 0.59921875 0.046875 0.0625
0 0.55390625 0.640625 0.05 0.075
0 0.72734375 0.70078125 0.0453125 0.0640625
0 0.80234375 0.69609375 0.059375 0.0765625
0 0.846875 0.74140625 0.0546875 0.078125
0 0.87734375 0.79609375 0.0515625 0.0640625
0 0.64375 0.57265625 0.0453125 0.0671875
0 0.553125 0.47578125 0.0671875 0.1265625
0 0.49375 0.5078125 0.0421875 0.0609375