0 0.90859375 0.8265625 0.1328125 0.1953125
0 0.978125 0.81484375 0.04375 0.1078125
0 0.92578125 0.70703125 0.0578125 0.078125
0 0.88046875 0.66328125 0.05625 0.0875
0 0.8265625 0.6234375 0.0515625 0.08125
0 0.76328125 0.6546875 0.05 0.065625
0 0.58203125 0.64375 0.0625 0.08125
0 0.64921875 0.54140625 0.05 0.065625
0 0.5359375 0.475 0.06875 0.115625
0 0.3890625 0.98046875 0.078125 0.0390625
0 0.3375 0.69609375 0.0515625 0.0875
0 0.25078125 0.71328125 0.0703125 0.10625
0 0.48359375 0.51484375 0.0421875 0.0609375