0 0.31484375 0.84375 0.096875 0.1828125
0 0.29453125 0.66328125 0.115625 0.1953125
0 0.16171875 0.83984375 0.109375 0.165625
0 0.4203125 0.68203125 0.084375 0.128125
0 0.56015625 0.6609375 0.075 0.1171875
0 0.66015625 0.79765625 0.1109375 0.1515625
0 0.82109375 0.9359375 0.153125 0.08125
0 0.75625 0.70703125 0.0875 0.115625
0 0.82734375 0.56015625 0.0703125 0.0859375
0 0.7296875 0.5125 0.0546875 0.0703125
0 0.8421875 0.48671875 0.09375 0.128125
0 0.34375 0.55234375 0.05 0.0765625
0 0.46796875 0.565625 0.0515625 0.071875