0 0.73671875 0.91875 0.1046875 0.1375
0 0.859375 0.69140625 0.084375 0.1484375
0 0.72109375 0.6921875 0.0703125 0.125
0 0.6109375 0.6 0.0671875 0.103125
0 0.478125 0.54921875 0.096875 0.1765625
0 0.28203125 0.74140625 0.0921875 0.1265625
0 0.08984375 0.66171875 0.0796875 0.0921875
0 0.08203125 0.925 0.1171875 0.15
0 0.19453125 0.53359375 0.05 0.0625
0 0.240625 0.51171875 0.0484375 0.06875
0 0.29765625 0.51328125 0.0421875 0.0453125
0 0.721875 0.5265625 0.040625 0.05625
0 0.78671875 0.5078125 0.040625 0.05
0 0.625 0.5453125 0.05 0.06875
0 0.66171875 0.49921875 0.0375 0.0515625