0 0.215625 0.646875 0.0734375 0.1015625
0 0.2171875 0.58671875 0.053125 0.084375
0 0.121875 0.53515625 0.046875 0.0703125
0 0.0125 0.49296875 0.025 0.0546875
0 0.37578125 0.609375 0.078125 0.1109375
0 0.29140625 0.50703125 0.0390625 0.059375
0 0.36171875 0.50703125 0.046875 0.0671875
0 0.465625 0.45 0.0703125 0.13125
0 0.5171875 0.51015625 0.0640625 0.0921875
0 0.5984375 0.515625 0.05625 0.075
0 0.66640625 0.6921875 0.125 0.1890625
0 0.7828125 0.63359375 0.0984375 0.1359375
0 0.98828125 0.58984375 0.0234375 0.1046875
0 0.91171875 0.4921875 0.071875 0.0875
0 0.77421875 0.45546875 0.05 0.0625
0 0.8734375 0.47421875 0.0515625 0.0671875
0 0.80859375 0.4328125 0.053125 0.0609375