0 0.03359375 0.6125 0.0671875 0.11875
0 0.10390625 0.5171875 0.1 0.1484375
0 0.20859375 0.44453125 0.05 0.075
0 0.47734375 0.92265625 0.1140625 0.1546875
0 0.68359375 0.74765625 0.1078125 0.1765625
0 0.8578125 0.8515625 0.103125 0.175
0 0.540625 0.67890625 0.096875 0.13125
0 0.390625 0.6375 0.084375 0.11875
0 0.17578125 0.73984375 0.1046875 0.1453125
0 0.18203125 0.91328125 0.1390625 0.13125
0 0.7046875 0.49296875 0.0546875 0.1234375
0 0.6671875 0.4984375 0.0375 0.0515625
0 0.46328125 0.4921875 0.05 0.065625
0 0.4109375 0.48125 0.05 0.0609375
0 0.528125 0.4828125 0.0453125 0.0703125
0 0.7890625 0.5109375 0.0296875 0.0453125