0 0.0625 0.76640625 0.125 0.1640625
0 0.196875 0.85859375 0.2375 0.215625
0 0.53125 0.90703125 0.228125 0.1859375
0 0.8734375 0.9515625 0.14375 0.096875
0 0.921875 0.7640625 0.1109375 0.159375
0 0.55390625 0.69921875 0.178125 0.2078125
0 0.3234375 0.65078125 0.14375 0.1265625
0 0.3765625 0.52734375 0.125 0.115625
0 0.2453125 0.4921875 0.121875 0.0984375
0 0.5453125 0.54140625 0.1125 0.09375
0 0.68671875 0.525 0.109375 0.1140625
0 0.7640625 0.48203125 0.0890625 0.0875
0 0.540625 0.4859375 0.1 0.090625
0 0.40859375 0.46328125 0.0953125 0.0875
0 0.0328125 0.46328125 0.065625 0.1203125
0 0.18515625 0.3625 0.0671875 0.0625