0 0.41875 0.9046875 0.21875 0.190625
0 0.89609375 0.76875 0.2078125 0.21875
0 0.60234375 0.68984375 0.1734375 0.1609375
0 0.58515625 0.59296875 0.1375 0.11875
0 0.6765625 0.490625 0.109375 0.1125
0 0.3796875 0.77578125 0.1578125 0.1453125
0 0.1890625 0.72421875 0.146875 0.1359375
0 0.05546875 0.63515625 0.090625 0.1015625
0 0.384375 0.6859375 0.1390625 0.1140625
0 0.3875 0.5796875 0.128125 0.1328125
0 0.54375 0.515625 0.1171875 0.1
0 0.51484375 0.440625 0.0875 0.0765625
0 0.3921875 0.48828125 0.0921875 0.0875
0 0.2953125 0.47109375 0.0921875 0.0734375
0 0.184375 0.46484375 0.075 0.065625
0 0.66328125 0.34375 0.0765625 0.071875