0 0.19296875 0.56640625 0.15 0.134375
0 0.290625 0.66328125 0.18125 0.178125
0 0.17890625 0.8515625 0.26875 0.209375
0 0.5265625 0.696875 0.16875 0.1671875
0 0.5609375 0.58359375 0.1796875 0.18125
0 0.7390625 0.69765625 0.175 0.178125
0 0.83671875 0.6171875 0.1125 0.1171875
0 0.690625 0.52734375 0.103125 0.1
0 0.7796875 0.4984375 0.109375 0.103125
0 0.6625 0.45078125 0.0921875 0.0875
0 0.5734375 0.49140625 0.1203125 0.090625
0 0.428125 0.45625 0.11875 0.10625
0 0.38359375 0.5421875 0.1265625 0.1109375
0 0.3234375 0.41953125 0.1015625 0.0921875
0 0.125 0.359375 0.1125 0.0984375