0 0.35703125 0.85390625 0.2375 0.28125
0 0.23125 0.603125 0.1421875 0.1546875
0 0.159375 0.50625 0.1078125 0.103125
0 0.03671875 0.68125 0.0734375 0.15625
0 0.6890625 0.8125 0.1671875 0.1546875
0 0.6296875 0.62109375 0.1390625 0.121875
0 0.8046875 0.59609375 0.1140625 0.1140625
0 0.878125 0.4453125 0.0796875 0.0671875
0 0.7421875 0.490625 0.0953125 0.0765625
0 0.609375 0.51953125 0.1046875 0.08125
0 0.4609375 0.51015625 0.1 0.0875
0 0.43671875 0.5796875 0.1171875 0.1046875
0 0.5140625 0.4390625 0.0765625 0.071875
0 0.36171875 0.3921875 0.071875 0.0828125
0 0.30703125 0.3453125 0.0671875 0.0640625
0 0.59453125 0.421875 0.0734375 0.0625
0 0.70859375 0.428125 0.0796875 0.071875