0 0.690625 0.6671875 0.203125 0.1921875
0 0.86796875 0.58046875 0.1625 0.1546875
0 0.7578125 0.475 0.125 0.1046875
0 0.628125 0.55703125 0.128125 0.11875
0 0.4640625 0.58125 0.1390625 0.125
0 0.459375 0.671875 0.1609375 0.1359375
0 0.3078125 0.5640625 0.1375 0.146875
0 0.23125 0.77734375 0.225 0.221875
0 0.12578125 0.68671875 0.1484375 0.1453125
0 0.2125 0.5375 0.1078125 0.1078125
0 0.4765625 0.47890625 0.10625 0.096875
0 0.5796875 0.4328125 0.103125 0.0859375
0 0.7 0.4125 0.109375 0.1
0 0.8859375 0.3765625 0.1 0.09375
0 0.74921875 0.31171875 0.065625 0.0609375
0 0.63203125 0.3390625 0.084375 0.06875
0 0.53671875 0.340625 0.1015625 0.1234375
0 0.34296875 0.3984375 0.0703125 0.075
0 0.43984375 0.37265625 0.0609375 0.053125
0 0.27734375 0.37734375 0.0640625 0.059375
0 0.86328125 0.8640625 0.2421875 0.171875