0 0.1015625 0.6703125 0.1625 0.153125
0 0.23515625 0.7671875 0.209375 0.2140625
0 0.52890625 0.80390625 0.19375 0.18125
0 0.55390625 0.6328125 0.18125 0.196875
0 0.70390625 0.54765625 0.13125 0.13125
0 0.93125 0.83046875 0.0734375 0.184375
0 0.78828125 0.4953125 0.0953125 0.0953125
0 0.65234375 0.428125 0.0703125 0.075
0 0.55859375 0.503125 0.1046875 0.084375
0 0.3953125 0.48046875 0.13125 0.115625
0 0.27421875 0.4515625 0.1015625 0.096875
0 0.05078125 0.41328125 0.1 0.1125
0 0.31328125 0.3921875 0.0953125 0.0796875
0 0.2109375 0.33046875 0.0765625 0.0609375