0 0.2515625 0.95859375 0.2328125 0.065625
0 0.3390625 0.79453125 0.175 0.184375
0 0.62734375 0.9140625 0.2265625 0.171875
0 0.84375 0.796875 0.1921875 0.159375
0 0.7625 0.640625 0.14375 0.1453125
0 0.58046875 0.6328125 0.13125 0.1125
0 0.3953125 0.60703125 0.1296875 0.1265625
0 0.1796875 0.64609375 0.146875 0.13125
0 0.1609375 0.43828125 0.096875 0.096875
0 0.26875 0.46796875 0.1078125 0.109375
0 0.41484375 0.45625 0.0859375 0.0765625
0 0.5671875 0.53828125 0.1125 0.0828125
0 0.55703125 0.44140625 0.10625 0.1609375
0 0.671875 0.475 0.0984375 0.0796875
0 0.846875 0.47421875 0.0796875 0.06875
0 0.7765625 0.409375 0.0671875 0.0609375
0 0.3125 0.378125 0.0875 0.0828125
0 0.23125 0.359375 0.0796875 0.06875