0 0.74296875 0.909375 0.240625 0.14375
0 0.396875 0.7625 0.1703125 0.1625
0 0.59453125 0.6453125 0.1546875 0.1359375
0 0.178125 0.77734375 0.203125 0.1859375
0 0.3984375 0.62734375 0.1359375 0.121875
0 0.39375 0.5 0.1421875 0.1828125
0 0.55078125 0.49921875 0.1015625 0.0859375
0 0.684375 0.4484375 0.103125 0.0984375
0 0.87421875 0.49921875 0.1421875 0.128125
0 0.70859375 0.328125 0.08125 0.0796875
0 0.615625 0.35859375 0.08125 0.090625
0 0.2796875 0.5453125 0.10625 0.0984375
0 0.08671875 0.56328125 0.1078125 0.0875
0 0.165625 0.46875 0.0828125 0.0734375
0 0.13359375 0.4203125 0.0765625 0.065625
0 0.31953125 0.390625 0.071875 0.0671875
0 0.415625 0.39140625 0.071875 0.0625
0 0.5046875 0.34296875 0.0625 0.05625
0 0.58359375 0.2953125 0.065625 0.0640625
0 0.6546875 0.28046875 0.0640625 0.065625