0 0.1078125 0.64140625 0.1609375 0.153125
0 0.23125 0.73984375 0.20625 0.2109375
0 0.5078125 0.7890625 0.1921875 0.18125
0 0.540625 0.62734375 0.1796875 0.1921875
0 0.6875 0.553125 0.1296875 0.1296875
0 0.903125 0.8375 0.10625 0.1828125
0 0.76953125 0.5078125 0.09375 0.09375
0 0.64453125 0.43828125 0.0703125 0.0734375
0 0.5515625 0.5046875 0.103125 0.084375
0 0.39765625 0.47421875 0.128125 0.115625
0 0.28359375 0.44140625 0.1 0.0953125
0 0.0640625 0.3921875 0.11875 0.1140625
0 0.3234375 0.38671875 0.09375 0.0796875
0 0.23046875 0.321875 0.075 0.0609375