0 0.6328125 0.87265625 0.2296875 0.253125
0 0.76875 0.6359375 0.1390625 0.1515625
0 0.84453125 0.5390625 0.1046875 0.1015625
0 0.96328125 0.72109375 0.0734375 0.1546875
0 0.2984375 0.83125 0.1640625 0.15
0 0.365625 0.6390625 0.1375 0.11875
0 0.18984375 0.6078125 0.1125 0.1109375
0 0.12109375 0.453125 0.078125 0.065625
0 0.25703125 0.503125 0.09375 0.075
0 0.390625 0.5375 0.103125 0.078125
0 0.540625 0.5328125 0.0984375 0.084375
0 0.5625 0.6046875 0.115625 0.1015625
0 0.4890625 0.459375 0.075 0.0703125
0 0.6453125 0.4171875 0.0703125 0.08125
0 0.7015625 0.37109375 0.0671875 0.0625
0 0.40859375 0.4390625 0.0734375 0.0609375
0 0.29296875 0.44140625 0.078125 0.0703125