0 0.29453125 0.8640625 0.2046875 0.184375
0 0.80546875 0.86015625 0.1953125 0.2015625
0 0.53515625 0.6984375 0.1609375 0.146875
0 0.5453125 0.59765625 0.1296875 0.10625
0 0.6640625 0.5234375 0.1 0.1046875
0 0.29296875 0.71953125 0.146875 0.13125
0 0.1203125 0.61484375 0.1359375 0.1234375
0 0.0265625 0.490625 0.053125 0.09375
0 0.3234375 0.6328125 0.13125 0.1
0 0.35546875 0.5296875 0.1171875 0.121875
0 0.5265625 0.509375 0.109375 0.0890625
0 0.51875 0.428125 0.0828125 0.06875
0 0.3859375 0.44140625 0.0859375 0.0796875
0 0.29609375 0.39609375 0.0875 0.065625
0 0.18828125 0.36015625 0.0703125 0.059375
0 0.69296875 0.375 0.071875 0.065625