0 0.24140625 0.85703125 0.190625 0.165625
0 0.6140625 0.909375 0.2625 0.18125
0 0.875 0.84140625 0.2109375 0.225
0 0.92421875 0.684375 0.1328125 0.134375
0 0.725 0.59140625 0.121875 0.1296875
0 0.8078125 0.52890625 0.096875 0.10625
0 0.853125 0.35703125 0.0609375 0.05625
0 0.64453125 0.39453125 0.0734375 0.0703125
0 0.70703125 0.36484375 0.0625 0.05625
0 0.5609375 0.62578125 0.1140625 0.109375
0 0.54140625 0.55 0.1046875 0.0984375
0 0.34921875 0.6453125 0.15625 0.1359375
0 0.17421875 0.58984375 0.13125 0.1140625
0 0.3875 0.53984375 0.115625 0.0921875
0 0.259375 0.48984375 0.1078125 0.08125
0 0.30234375 0.43203125 0.0921875 0.0875
0 0.415625 0.43203125 0.0828125 0.0703125
0 0.509375 0.4640625 0.0890625 0.0796875
0 0.53828125 0.35390625 0.065625 0.046875
0 0.35 0.353125 0.0734375 0.059375
0 0.12578125 0.41796875 0.084375 0.0609375
0 0.2375 0.34296875 0.0625 0.0515625