0 0.28984375 0.6375 0.0640625 0.10625
0 0.40625 0.60546875 0.0578125 0.096875
0 0.4359375 0.45859375 0.0390625 0.0640625
0 0.378125 0.40390625 0.0328125 0.075
0 0.40703125 0.36796875 0.021875 0.040625
0 0.3390625 0.3515625 0.0203125 0.028125
0 0.81796875 0.78203125 0.146875 0.196875
0 0.8796875 0.61875 0.11875 0.14375
0 0.70859375 0.51640625 0.1390625 0.2078125
0 0.65390625 0.6109375 0.078125 0.1203125
0 0.7890625 0.5265625 0.06875 0.096875
0 0.603125 0.5203125 0.0671875 0.0828125
0 0.60390625 0.45390625 0.0484375 0.0546875