0 0.821875 0.740625 0.134375 0.190625
0 0.640625 0.75390625 0.1234375 0.18125
0 0.58671875 0.446875 0.0640625 0.0796875
0 0.6375 0.346875 0.0421875 0.053125
0 0.6828125 0.36953125 0.0421875 0.0640625
0 0.2265625 0.8890625 0.20625 0.221875
0 0.10078125 0.7625 0.1484375 0.2
0 0.30390625 0.615625 0.11875 0.1359375
0 0.39140625 0.6125 0.10625 0.1375
0 0.4453125 0.5109375 0.0890625 0.1046875
0 0.26640625 0.56640625 0.0875 0.0984375
0 0.40703125 0.47421875 0.059375 0.0734375
0 0.50234375 0.42109375 0.0515625 0.0671875