0 0.4921875 0.53125 0.0671875 0.0875
0 0.696875 0.56328125 0.1015625 0.1171875
0 0.8671875 0.58125 0.1296875 0.140625
0 0.96015625 0.80234375 0.0796875 0.2484375
0 0.884375 0.5203125 0.1171875 0.115625
0 0.7234375 0.49296875 0.0890625 0.1046875
0 0.725 0.4296875 0.06875 0.08125
0 0.6296875 0.434375 0.059375 0.065625
0 0.5890625 0.47421875 0.0625 0.0828125
0 0.6265625 0.3921875 0.05625 0.071875
0 0.55078125 0.38828125 0.040625 0.05625
0 0.5609375 0.35703125 0.046875 0.059375
0 0.521875 0.4109375 0.040625 0.05625
0 0.50859375 0.340625 0.059375 0.0953125
0 0.3921875 0.44296875 0.04375 0.0578125
0 0.32421875 0.4734375 0.040625 0.053125
0 0.3296875 0.41171875 0.0296875 0.04375
0 0.371875 0.39765625 0.0296875 0.040625
0 0.4234375 0.40546875 0.034375 0.046875