0 0.77109375 0.9109375 0.109375 0.1703125
0 0.62421875 0.53671875 0.0640625 0.1125
0 0.54765625 0.53515625 0.0578125 0.0859375
0 0.6859375 0.36015625 0.0234375 0.0390625
0 0.6484375 0.35234375 0.0203125 0.0359375
0 0.60625 0.3703125 0.0265625 0.0421875
0 0.17265625 0.83984375 0.1609375 0.196875
0 0.071875 0.64375 0.1296875 0.1296875
0 0.2609375 0.59765625 0.0859375 0.0984375
0 0.278125 0.49765625 0.0703125 0.090625
0 0.35390625 0.61328125 0.071875 0.115625
0 0.42265625 0.50078125 0.0609375 0.0828125
0 0.39296875 0.4640625 0.05 0.0703125
0 0.3625 0.44453125 0.0453125 0.0578125
0 0.42890625 0.3734375 0.053125 0.0859375
0 0.46328125 0.45859375 0.0390625 0.0703125
0 0.43984375 0.43125 0.0390625 0.0484375
0 0.4953125 0.43515625 0.0296875 0.0484375
0 0.46796875 0.396875 0.0296875 0.040625
0 0.5015625 0.40625 0.03125 0.040625
0 0.4296875 0.56328125 0.03125 0.0265625