0 0.51796875 0.56640625 0.0609375 0.090625
0 0.08515625 0.87890625 0.1703125 0.2421875
0 0.06875 0.61796875 0.128125 0.1
0 0.1703125 0.69765625 0.140625 0.1703125
0 0.221875 0.57890625 0.103125 0.078125
0 0.240625 0.49609375 0.06875 0.08125
0 0.34140625 0.58828125 0.078125 0.096875
0 0.42890625 0.48671875 0.046875 0.065625
0 0.37109375 0.46484375 0.046875 0.075
0 0.315625 0.440625 0.053125 0.059375
0 0.41171875 0.42421875 0.0421875 0.05625
0 0.46328125 0.42109375 0.040625 0.05625
0 0.39375 0.38828125 0.0390625 0.046875
0 0.45234375 0.38828125 0.0328125 0.040625
0 0.42421875 0.37421875 0.025 0.034375
0 0.4875 0.39453125 0.025 0.04375
0 0.62421875 0.42890625 0.034375 0.053125
0 0.5828125 0.39609375 0.025 0.04375
0 0.67265625 0.34765625 0.01875 0.03125
0 0.60546875 0.33125 0.01875 0.0296875
0 0.45390625 0.33359375 0.0421875 0.06875