0 0.315625 0.95078125 0.134375 0.0984375
0 0.440625 0.64765625 0.0765625 0.1234375
0 0.4671875 0.4875 0.0421875 0.059375
0 0.42578125 0.4125 0.040625 0.0546875
0 0.965625 0.76015625 0.06875 0.2171875
0 0.734375 0.628125 0.1109375 0.1515625
0 0.77734375 0.46640625 0.234375 0.2453125
0 0.62265625 0.525 0.065625 0.08125
0 0.6125 0.4453125 0.0546875 0.0609375
0 0.565625 0.46484375 0.0484375 0.0625
0 0.75 0.53203125 0.09375 0.0953125
0 0.51875 0.41640625 0.0390625 0.05
0 0.553125 0.4015625 0.0390625 0.0484375
0 0.3421875 0.38671875 0.0296875 0.0390625
0 0.58203125 0.38125 0.0328125 0.046875
0 0.52578125 0.3796875 0.0265625 0.0375
0 0.5375 0.33359375 0.0703125 0.0984375
0 0.390625 0.334375 0.0171875 0.025
0 0.365625 0.3390625 0.015625 0.0265625