0 0.95703125 0.571875 0.0859375 0.246875
0 0.8484375 0.52109375 0.1109375 0.1109375
0 0.78203125 0.5515625 0.10625 0.1109375
0 0.721875 0.61328125 0.1140625 0.1234375
0 0.67421875 0.47109375 0.071875 0.090625
0 0.7109375 0.44296875 0.0609375 0.071875
0 0.5828125 0.4828125 0.0625 0.0859375
0 0.61484375 0.440625 0.0515625 0.06875
0 0.534375 0.43046875 0.046875 0.0640625
0 0.97109375 0.86640625 0.0578125 0.1453125
0 0.3125 0.49765625 0.053125 0.075
0 0.3734375 0.44296875 0.0375 0.0515625
0 0.38828125 0.37734375 0.0328125 0.046875
0 0.34375 0.3640625 0.0265625 0.0375
0 0.31015625 0.36640625 0.0234375 0.0359375
0 0.4828125 0.3859375 0.0359375 0.053125
0 0.53828125 0.3734375 0.0953125 0.1171875
0 0.5828125 0.35078125 0.0859375 0.125