0 0.36953125 0.73203125 0.1453125 0.1640625
0 0.078125 0.7015625 0.15625 0.26875
0 0.04453125 0.60703125 0.0890625 0.2078125
0 0.07578125 0.4859375 0.1515625 0.153125
0 0.2015625 0.43515625 0.1234375 0.125
0 0.26953125 0.47890625 0.1015625 0.1
0 0.27734375 0.54453125 0.1375 0.15
0 0.29140625 0.41015625 0.0703125 0.075
0 0.40234375 0.45703125 0.0625 0.0796875
0 0.39453125 0.4046875 0.059375 0.071875
0 0.4484375 0.42890625 0.0515625 0.0640625
0 0.43828125 0.3734375 0.0390625 0.05
0 0.34453125 0.3875 0.059375 0.0671875
0 0.3859375 0.3671875 0.05 0.0515625