0 0.059375 0.54765625 0.11875 0.2328125
0 0.17734375 0.5078125 0.1015625 0.103125
0 0.2390625 0.5359375 0.0984375 0.103125
0 0.2921875 0.59375 0.1046875 0.1140625
0 0.33828125 0.4640625 0.0671875 0.0828125
0 0.30390625 0.43828125 0.05625 0.065625
0 0.4203125 0.4765625 0.059375 0.078125
0 0.3921875 0.43671875 0.0484375 0.0625
0 0.46640625 0.4296875 0.04375 0.0578125
0 0.04375 0.84140625 0.0875 0.1890625
0 0.6671875 0.49453125 0.05 0.06875
0 0.6125 0.44375 0.034375 0.046875
0 0.60078125 0.38359375 0.0296875 0.04375
0 0.640625 0.37265625 0.025 0.034375
0 0.671875 0.375 0.021875 0.0328125
0 0.51328125 0.38984375 0.0328125 0.0484375
0 0.46328125 0.378125 0.0875 0.1078125
0 0.42265625 0.35625 0.0796875 0.1140625