0 0.56484375 0.71640625 0.09375 0.1359375
0 0.44921875 0.628125 0.0859375 0.11875
0 0.6296875 0.42265625 0.0640625 0.1203125
0 0.06484375 0.81875 0.1296875 0.246875
0 0.19375 0.56953125 0.1234375 0.1515625
0 0.12421875 0.5140625 0.215625 0.225
0 0.25703125 0.46015625 0.078125 0.0875
0 0.309375 0.4953125 0.0703125 0.075
0 0.3234375 0.5703125 0.0796875 0.103125
0 0.37890625 0.5109375 0.059375 0.071875
0 0.33046875 0.4328125 0.0609375 0.0640625
0 0.4453125 0.46640625 0.05 0.0609375
0 0.42890625 0.41640625 0.04375 0.05625
0 0.3875 0.40234375 0.046875 0.0640625
0 0.48359375 0.42734375 0.0359375 0.0484375
0 0.46796875 0.38828125 0.0328125 0.0453125
0 0.46015625 0.33828125 0.0640625 0.0875
0 0.421875 0.390625 0.034375 0.0359375