0 0.82109375 0.8671875 0.165625 0.21875
0 0.85703125 0.72265625 0.1359375 0.15625
0 0.8546875 0.63046875 0.10625 0.125
0 0.70859375 0.56875 0.0890625 0.1078125
0 0.61640625 0.56328125 0.078125 0.096875
0 0.71015625 0.49921875 0.0625 0.071875
0 0.640625 0.4984375 0.0625 0.071875
0 0.5453125 0.475 0.0484375 0.059375
0 0.6 0.4609375 0.046875 0.0546875
0 0.6421875 0.42109375 0.0625 0.0953125
0 0.59375 0.403125 0.0390625 0.046875
0 0.571875 0.425 0.0375 0.046875
0 0.45625 0.53046875 0.0765625 0.1109375
0 0.2875 0.6109375 0.0671875 0.1046875
0 0.36484375 0.4421875 0.04375 0.0640625
0 0.32578125 0.36953125 0.028125 0.0390625
0 0.40625 0.3515625 0.028125 0.046875
0 0.47734375 0.36796875 0.028125 0.0359375
0 0.53125 0.3765625 0.03125 0.0484375
0 0.54765625 0.3578125 0.0265625 0.034375