0 0.14140625 0.709375 0.140625 0.184375
0 0.10078125 0.55390625 0.1171875 0.1375
0 0.2609375 0.528125 0.0921875 0.09375
0 0.3125 0.5640625 0.0984375 0.1234375
0 0.246875 0.46484375 0.078125 0.09375
0 0.33984375 0.4234375 0.0578125 0.0734375
0 0.3953125 0.44140625 0.05 0.0640625
0 0.453125 0.45390625 0.053125 0.0671875
0 0.44921875 0.39453125 0.0640625 0.084375
0 0.41640625 0.38125 0.034375 0.04375
0 0.490625 0.378125 0.03125 0.0375
0 0.528125 0.39140625 0.034375 0.0375
0 0.46328125 0.35859375 0.03125 0.034375
0 0.66953125 0.6421875 0.0671875 0.1015625
0 0.659375 0.47265625 0.04375 0.065625
0 0.675 0.4265625 0.0390625 0.046875
0 0.58828125 0.40546875 0.0328125 0.0421875
0 0.63203125 0.3953125 0.028125 0.0390625
0 0.65703125 0.36796875 0.025 0.0296875