0 0.38671875 0.6765625 0.0875 0.1328125
0 0.29453125 0.54609375 0.0625 0.0953125
0 0.30546875 0.4421875 0.0453125 0.0578125
0 0.321875 0.37265625 0.0296875 0.05
0 0.3984375 0.384375 0.034375 0.0484375
0 0.7359375 0.775 0.1453125 0.221875
0 0.78984375 0.690625 0.1390625 0.1828125
0 0.8609375 0.66640625 0.140625 0.1640625
0 0.71875 0.5609375 0.08125 0.090625
0 0.6421875 0.55390625 0.0703125 0.0875
0 0.60859375 0.62421875 0.078125 0.1125
0 0.5375 0.5125 0.0515625 0.071875
0 0.64140625 0.4859375 0.0578125 0.08125
0 0.5640625 0.459375 0.05 0.065625
0 0.503125 0.44765625 0.0515625 0.053125
0 0.5359375 0.425 0.0421875 0.0578125