0 0.38359375 0.6015625 0.0875 0.1203125
0 0.4640625 0.5140625 0.05625 0.075
0 0.446875 0.3875 0.034375 0.040625
0 0.40703125 0.3625 0.0296875 0.0390625
0 0.41328125 0.31484375 0.021875 0.0265625
0 0.4375 0.30546875 0.01875 0.0234375
0 0.70859375 0.74296875 0.1375 0.1671875
0 0.8375 0.70859375 0.125 0.128125
0 0.74140625 0.65390625 0.1015625 0.1
0 0.62734375 0.63828125 0.1 0.1109375
0 0.725 0.5203125 0.1296875 0.1640625
0 0.5734375 0.4875 0.0578125 0.071875
0 0.62578125 0.496875 0.0546875 0.0625
0 0.6609375 0.4765625 0.046875 0.059375
0 0.5421875 0.45234375 0.0484375 0.0578125
0 0.58125 0.4375 0.0421875 0.0484375
0 0.615625 0.4390625 0.040625 0.0484375
0 0.5859375 0.38359375 0.053125 0.059375
0 0.55 0.396875 0.03125 0.034375
0 0.5171875 0.40390625 0.03125 0.0375