0 0.4921875 0.759375 0.128125 0.15
0 0.19453125 0.8546875 0.203125 0.24375
0 0.1171875 0.78515625 0.1703125 0.1984375
0 0.14296875 0.65546875 0.140625 0.1359375
0 0.23515625 0.5625 0.1109375 0.1125
0 0.3109375 0.575 0.090625 0.0890625
0 0.3421875 0.6296875 0.1234375 0.1359375
0 0.3046875 0.50703125 0.0625 0.0671875
0 0.41875 0.50703125 0.0546875 0.0734375
0 0.3921875 0.4640625 0.053125 0.065625
0 0.4484375 0.465625 0.0453125 0.0578125
0 0.41953125 0.42109375 0.034375 0.0453125
0 0.3421875 0.4671875 0.053125 0.0609375
0 0.37109375 0.434375 0.04375 0.046875