0 0.9640625 0.7765625 0.071875 0.19375
0 0.74921875 0.65 0.1078125 0.1015625
0 0.70234375 0.80546875 0.1609375 0.2234375
0 0.58984375 0.56015625 0.065625 0.1296875
0 0.5984375 0.44140625 0.05 0.065625
0 0.609375 0.38203125 0.034375 0.0546875
0 0.57421875 0.3515625 0.0265625 0.0375
0 0.55625 0.39140625 0.028125 0.0328125
0 0.54609375 0.4671875 0.05 0.0984375
0 0.5109375 0.3984375 0.03125 0.04375
0 0.5359375 0.35625 0.0234375 0.046875
0 0.49453125 0.34921875 0.0171875 0.028125
0 0.275 0.66796875 0.125 0.1625
0 0.328125 0.52421875 0.0671875 0.084375
0 0.3625 0.44765625 0.046875 0.075
0 0.32890625 0.403125 0.034375 0.06875
0 0.43203125 0.3796875 0.0328125 0.046875
0 0.390625 0.38984375 0.0390625 0.04375