0 0.803125 0.584375 0.065625 0.09375
0 0.7921875 0.52890625 0.046875 0.078125
0 0.871875 0.465625 0.0421875 0.065625
0 0.97265625 0.40859375 0.0359375 0.05
0 0.6484375 0.5765625 0.0703125 0.1015625
0 0.709375 0.4671875 0.034375 0.05625
0 0.64453125 0.478125 0.0421875 0.0625
0 0.5390625 0.44296875 0.0625 0.121875
0 0.50078125 0.50703125 0.0578125 0.084375
0 0.4265625 0.52578125 0.0515625 0.0671875
0 0.3921875 0.70078125 0.1109375 0.1765625
0 0.27421875 0.66484375 0.0890625 0.125
0 0.04609375 0.6609375 0.078125 0.1
0 0.13203125 0.5546875 0.065625 0.08125
0 0.253125 0.4984375 0.0453125 0.0578125
0 0.16484375 0.53203125 0.046875 0.0609375
0 0.21796875 0.48359375 0.046875 0.05625