0 0.56875 0.6328125 0.0859375 0.125
0 0.528125 0.51328125 0.0546875 0.0765625
0 0.59921875 0.3984375 0.034375 0.0421875
0 0.6484375 0.390625 0.028125 0.040625
0 0.66328125 0.34140625 0.021875 0.028125
0 0.64375 0.32265625 0.01875 0.025
0 0.1921875 0.62890625 0.1375 0.171875
0 0.08203125 0.540625 0.1265625 0.1296875
0 0.2 0.52890625 0.1015625 0.1015625
0 0.315625 0.5625 0.1 0.1125
0 0.271875 0.40625 0.1296875 0.1703125
0 0.43359375 0.440625 0.05625 0.075
0 0.37890625 0.4265625 0.0546875 0.0640625
0 0.353125 0.39140625 0.046875 0.0609375
0 0.4796875 0.41953125 0.0484375 0.059375
0 0.446875 0.38828125 0.0421875 0.0484375
0 0.41328125 0.37421875 0.0421875 0.0484375
0 0.465625 0.33359375 0.0546875 0.0609375
0 0.49609375 0.36171875 0.03125 0.0359375
0 0.52421875 0.3828125 0.03125 0.0390625