0 0.7546875 0.94375 0.221875 0.1125
0 0.6671875 0.784375 0.1734375 0.1890625
0 0.403125 0.8046875 0.1828125 0.1703125
0 0.09609375 0.8265625 0.1921875 0.23125
0 0.06640625 0.628125 0.1328125 0.1375
0 0.0390625 0.3921875 0.071875 0.0859375
0 0.2765625 0.578125 0.115625 0.1140625
0 0.1953125 0.4890625 0.103125 0.1078125
0 0.33984375 0.484375 0.0890625 0.0796875
0 0.46171875 0.57265625 0.109375 0.0875
0 0.453125 0.4890625 0.1078125 0.115625
0 0.6390625 0.60859375 0.1265625 0.10625
0 0.7484375 0.55703125 0.1 0.0921875
0 0.6125 0.50390625 0.0859375 0.08125
0 0.7046875 0.44609375 0.0734375 0.0671875
0 0.60078125 0.4453125 0.096875 0.0765625
0 0.925 0.50625 0.0875 0.0765625
0 0.86171875 0.44375 0.0921875 0.0734375