0 0.0921875 0.61015625 0.1140625 0.1875
0 0.16796875 0.515625 0.096875 0.1203125
0 0.27578125 0.46328125 0.09375 0.1171875
0 0.26953125 0.3578125 0.0765625 0.0953125
0 0.11953125 0.396875 0.1515625 0.2515625
0 0.19140625 0.30078125 0.0578125 0.103125
0 0.28828125 0.30625 0.0671875 0.0875
0 0.22734375 0.26328125 0.0515625 0.075
0 0.25 0.22890625 0.053125 0.0671875
0 0.0328125 0.3125 0.065625 0.290625
0 0.346875 0.15546875 0.0484375 0.0671875
0 0.51484375 0.93046875 0.1609375 0.1390625
0 0.6453125 0.29140625 0.0765625 0.1171875
0 0.90546875 0.40625 0.1046875 0.1265625
0 0.6828125 0.19921875 0.059375 0.0765625
0 0.7046875 0.16875 0.0453125 0.0734375
0 0.68359375 0.09609375 0.040625 0.059375
0 0.709375 0.06796875 0.0390625 0.05
0 0.77890625 0.05625 0.0421875 0.0578125
0 0.79296875 0.0203125 0.0390625 0.040625
0 0.35703125 0.11484375 0.0421875 0.05