0 0.5375 0.8671875 0.1625 0.203125
0 0.84765625 0.69140625 0.13125 0.1640625
0 0.75234375 0.44296875 0.096875 0.1265625
0 0.86953125 0.31875 0.0859375 0.140625
0 0.9046875 0.1671875 0.121875 0.2265625
0 0.809375 0.1984375 0.1125 0.1890625
0 0.71953125 0.2578125 0.06875 0.0828125
0 0.69453125 0.21328125 0.0640625 0.078125
0 0.696875 0.1328125 0.0515625 0.0734375
0 0.63046875 0.1546875 0.0515625 0.0609375
0 0.64609375 0.1078125 0.046875 0.059375
0 0.59296875 0.1171875 0.0515625 0.059375
0 0.48515625 0.0234375 0.0421875 0.046875
0 0.6046875 0.07890625 0.053125 0.0625
0 0.36328125 0.175 0.059375 0.0765625
0 0.2140625 0.25234375 0.0796875 0.109375
0 0.0953125 0.334375 0.0984375 0.125
0 0.27890625 0.0953125 0.0515625 0.06875
0 0.35546875 0.1171875 0.053125 0.065625
0 0.32265625 0.04921875 0.0484375 0.0796875
0 0.2515625 0.01015625 0.04375 0.0203125
0 0.38984375 0.00234375 0.0359375 0.0046875
0 0.75390625 0.85625 0.2453125 0.2875