0 0.5296875 0.88515625 0.20625 0.2296875
0 0.86015625 0.8609375 0.1640625 0.20625
0 0.6953125 0.7546875 0.15 0.1734375
0 0.5984375 0.596875 0.14375 0.1734375
0 0.74609375 0.58046875 0.1140625 0.153125
0 0.85234375 0.7046875 0.1203125 0.1375
0 0.9640625 0.465625 0.071875 0.121875
0 0.72734375 0.45078125 0.084375 0.1078125
0 0.8625 0.609375 0.109375 0.084375
0 0.790625 0.40390625 0.071875 0.071875
0 0.84453125 0.3234375 0.065625 0.0640625
0 0.98828125 0.38203125 0.0234375 0.0609375
0 0.35859375 0.54375 0.0984375 0.121875
0 0.2265625 0.5078125 0.1171875 0.1453125
0 0.09375 0.79453125 0.1875 0.2359375
0 0.08515625 0.61171875 0.15 0.1671875
0 0.0953125 0.4921875 0.1171875 0.1109375
0 0.0296875 0.43984375 0.059375 0.1546875
0 0.1953125 0.34453125 0.0890625 0.090625
0 0.2375 0.40390625 0.0828125 0.0796875
0 0.3875 0.39453125 0.0734375 0.08125
0 0.43125 0.46796875 0.078125 0.0828125
0 0.4765625 0.41015625 0.0609375 0.0640625
0 0.44375 0.3546875 0.053125 0.0640625
0 0.41640625 0.2859375 0.0671875 0.075
0 0.3203125 0.228125 0.075 0.09375