0 0.31875 0.88671875 0.0890625 0.1125
0 0.365625 0.73671875 0.115625 0.165625
0 0.88046875 0.91015625 0.1375 0.0796875
0 0.9109375 0.82265625 0.090625 0.0890625
0 0.95859375 0.71484375 0.065625 0.0859375
0 0.81640625 0.765625 0.075 0.0734375
0 0.78515625 0.69140625 0.0484375 0.0484375
0 0.796875 0.65 0.053125 0.0546875
0 0.7046875 0.6625 0.0546875 0.0546875
0 0.61796875 0.67109375 0.034375 0.046875
0 0.6578125 0.64609375 0.0296875 0.04375
0 0.62578125 0.61875 0.0234375 0.0296875
0 0.35703125 0.6234375 0.04375 0.0734375
0 0.2046875 0.83359375 0.140625 0.1734375
0 0.103125 0.92578125 0.084375 0.0984375
0 0.12734375 0.83203125 0.0515625 0.08125
0 0.26328125 0.7375 0.0203125 0.028125
0 0.28359375 0.69375 0.0203125 0.0296875
0 0.22578125 0.7171875 0.028125 0.025
0 0.24921875 0.6703125 0.0203125 0.028125
0 0.53828125 0.6078125 0.034375 0.025