0 0.390625 0.5703125 0.284375 0.234375
0 0.74296875 0.5921875 0.3078125 0.2109375
0 0.58359375 0.88046875 0.4234375 0.2390625
0 0.53828125 0.39296875 0.2390625 0.1359375
0 0.85390625 0.45 0.2578125 0.11875
0 0.37734375 0.26171875 0.1296875 0.1171875
0 0.2234375 0.2765625 0.134375 0.1171875
0 0.72265625 0.33359375 0.1609375 0.1078125
0 0.8640625 0.28203125 0.1203125 0.0890625
0 0.95546875 0.3453125 0.0890625 0.10625
0 0.76953125 0.2046875 0.11875 0.0828125
0 0.28046875 0.17890625 0.090625 0.06875
0 0.41484375 0.16796875 0.0890625 0.0609375
0 0.18515625 0.20859375 0.0796875 0.040625
0 0.134375 0.14296875 0.0828125 0.0453125
0 0.240625 0.128125 0.0796875 0.0484375