0 0.7921875 0.609375 0.1234375 0.103125
0 0.68125 0.67734375 0.1453125 0.1421875
0 0.7453125 0.896875 0.23125 0.196875
0 0.45625 0.65859375 0.1359375 0.1328125
0 0.4484375 0.54609375 0.14375 0.146875
0 0.259375 0.61328125 0.1390625 0.1421875
0 0.18671875 0.51796875 0.0890625 0.0953125
0 0.33984375 0.4671875 0.084375 0.0796875
0 0.2640625 0.42109375 0.0890625 0.08125
0 0.3828125 0.4015625 0.075 0.06875
0 0.45625 0.45859375 0.103125 0.065625
0 0.59765625 0.4578125 0.0984375 0.08125
0 0.6203125 0.54609375 0.10625 0.084375
0 0.703125 0.4453125 0.084375 0.071875
0 0.89765625 0.43203125 0.0953125 0.075