0 0.8515625 0.86328125 0.225 0.2734375
0 0.72578125 0.759375 0.0953125 0.1875
0 0.5640625 0.94921875 0.09375 0.1015625
0 0.67578125 0.9265625 0.08125 0.1125
0 0.63671875 0.828125 0.05625 0.075
0 0.5390625 0.834375 0.0609375 0.0796875
0 0.5328125 0.7765625 0.0546875 0.05625
0 0.61953125 0.78125 0.0484375 0.075
0 0.6046875 0.73046875 0.053125 0.075
0 0.52265625 0.73203125 0.0484375 0.059375
0 0.353125 0.9109375 0.078125 0.1328125
0 0.18828125 0.87109375 0.140625 0.2234375
0 0.09921875 0.87421875 0.08125 0.1265625
0 0.3078125 0.73359375 0.0578125 0.0828125
0 0.2828125 0.665625 0.0390625 0.053125
0 0.40234375 0.6921875 0.04375 0.0640625
0 0.36171875 0.653125 0.040625 0.0515625
0 0.4203125 0.653125 0.0328125 0.046875
0 0.3859375 0.5859375 0.053125 0.0875