0 0.071875 0.56484375 0.14375 0.1515625
0 0.303125 0.89921875 0.21875 0.1796875
0 0.61796875 0.72734375 0.15625 0.15
0 0.42265625 0.64140625 0.15 0.14375
0 0.28828125 0.503125 0.1296875 0.1234375
0 0.871875 0.92421875 0.15 0.1515625
0 0.8234375 0.74140625 0.1984375 0.1734375
0 0.6046875 0.6015625 0.1421875 0.1140625
0 0.61171875 0.48125 0.1296875 0.190625
0 0.725 0.528125 0.115625 0.1078125
0 0.91875 0.54296875 0.1140625 0.1015625
0 0.83828125 0.459375 0.0859375 0.078125
0 0.87265625 0.41015625 0.0734375 0.065625
0 0.45234375 0.490625 0.1109375 0.0890625
0 0.47265625 0.43828125 0.1 0.0828125
0 0.36328125 0.39453125 0.103125 0.103125
0 0.25859375 0.36796875 0.090625 0.090625
0 0.31875 0.30390625 0.071875 0.0734375
0 0.3953125 0.3203125 0.0765625 0.0765625