0 0.4421875 0.9609375 0.1125 0.078125
0 0.3296875 0.909375 0.090625 0.1109375
0 0.2421875 0.85234375 0.084375 0.103125
0 0.38203125 0.8109375 0.0734375 0.09375
0 0.48203125 0.8453125 0.090625 0.1203125
0 0.4046875 0.7140625 0.053125 0.06875
0 0.50078125 0.70625 0.05 0.05625
0 0.50546875 0.659375 0.0421875 0.04375
0 0.44375 0.6484375 0.0359375 0.0515625
0 0.35234375 0.63671875 0.0796875 0.134375
0 0.74140625 0.68671875 0.053125 0.0828125
0 0.79140625 0.6421875 0.05 0.0671875
0 0.70546875 0.6421875 0.0421875 0.0546875
0 0.628125 0.61171875 0.040625 0.05
0 0.671875 0.5859375 0.0328125 0.0453125
0 0.721875 0.56875 0.0296875 0.040625