0 0.85078125 0.86953125 0.23125 0.178125
0 0.72421875 0.7203125 0.1875 0.2
0 0.48125 0.80625 0.1921875 0.1828125
0 0.1796875 0.89296875 0.246875 0.2140625
0 0.11796875 0.7265625 0.15 0.146875
0 0.03828125 0.5109375 0.0765625 0.090625
0 0.30703125 0.62578125 0.121875 0.121875
0 0.20703125 0.5625 0.1109375 0.1140625
0 0.34140625 0.52109375 0.09375 0.0859375
0 0.47890625 0.57421875 0.1125 0.09375
0 0.44921875 0.49765625 0.115625 0.1234375
0 0.653125 0.5625 0.1328125 0.115625
0 0.74296875 0.4875 0.1046875 0.1
0 0.6015625 0.47109375 0.090625 0.0875
0 0.67421875 0.39453125 0.078125 0.071875
0 0.5765625 0.41953125 0.1 0.0828125
0 0.8953125 0.3953125 0.090625 0.0828125
0 0.8203125 0.353125 0.0953125 0.08125