0 0.4265625 0.91328125 0.178125 0.1734375
0 0.1234375 0.88671875 0.14375 0.1875
0 0.284375 0.79765625 0.134375 0.1578125
0 0.38515625 0.65703125 0.1265625 0.1578125
0 0.246875 0.63203125 0.1 0.140625
0 0.140625 0.74140625 0.10625 0.125
0 0.040625 0.51015625 0.08125 0.1109375
0 0.27421875 0.5109375 0.0734375 0.0984375
0 0.13828125 0.65078125 0.1 0.075
0 0.21796875 0.46328125 0.065625 0.0640625
0 0.1734375 0.384375 0.0578125 0.0578125
0 0.021875 0.4296875 0.04375 0.053125
0 0.61171875 0.621875 0.0859375 0.1109375
0 0.7375 0.59765625 0.103125 0.13125
0 0.85078125 0.8625 0.1828125 0.1890625
0 0.97578125 0.80546875 0.0484375 0.2296875
0 0.86328125 0.70390625 0.1328125 0.1515625
0 0.8609375 0.59140625 0.1046875 0.0984375
0 0.95234375 0.54296875 0.0953125 0.1515625
0 0.778125 0.446875 0.0796875 0.08125
0 0.73515625 0.5 0.0734375 0.071875
0 0.5953125 0.48125 0.065625 0.0734375
0 0.54921875 0.546875 0.0703125 0.075
0 0.5109375 0.48984375 0.0546875 0.05625
0 0.5453125 0.440625 0.046875 0.059375
0 0.575 0.378125 0.059375 0.0671875
0 0.66875 0.33046875 0.065625 0.0859375