0 0.71953125 0.709375 0.184375 0.1640625
0 0.840625 0.62890625 0.159375 0.1390625
0 0.4609375 0.74609375 0.16875 0.1515625
0 0.4359375 0.6109375 0.18125 0.196875
0 0.26171875 0.6125 0.146875 0.153125
0 0.1796875 0.55 0.0984375 0.1015625
0 0.31953125 0.475 0.0859375 0.0890625
0 0.2390625 0.43515625 0.0828125 0.09375
0 0.34765625 0.40234375 0.0796875 0.0734375
0 0.63203125 0.56796875 0.1265625 0.1171875
0 0.5859375 0.47421875 0.1140625 0.1078125
0 0.70703125 0.43984375 0.103125 0.0890625
0 0.66015625 0.38671875 0.0890625 0.078125
0 0.915625 0.4046875 0.1265625 0.1125
0 0.75859375 0.32734375 0.0625 0.053125