0 0.5578125 0.93125 0.09375 0.1375
0 0.65625 0.83046875 0.08125 0.1125
0 0.54296875 0.76171875 0.05625 0.09375
0 0.67421875 0.68984375 0.046875 0.0625
0 0.596875 0.6828125 0.046875 0.065625
0 0.5328125 0.71328125 0.046875 0.0734375
0 0.52734375 0.6390625 0.0375 0.0484375
0 0.58046875 0.63046875 0.0375 0.053125
0 0.6140625 0.6046875 0.03125 0.04375
0 0.09921875 0.83203125 0.0859375 0.10625
0 0.21015625 0.89453125 0.0890625 0.1078125
0 0.33046875 0.8984375 0.0859375 0.1125
0 0.23671875 0.8078125 0.071875 0.084375
0 0.18671875 0.7703125 0.0671875 0.084375
0 0.2734375 0.76796875 0.06875 0.0875
0 0.2359375 0.7265625 0.0546875 0.0640625
0 0.3109375 0.70625 0.0515625 0.0578125
0 0.3875 0.77578125 0.065625 0.0890625
0 0.40625 0.70859375 0.05 0.059375
0 0.3375 0.68046875 0.0421875 0.0578125
0 0.2484375 0.675 0.059375 0.0671875