0 0.046875 0.81171875 0.09375 0.1609375
0 0.17265625 0.88515625 0.2375 0.18125
0 0.51875 0.9265625 0.228125 0.146875
0 0.87421875 0.96875 0.1453125 0.0625
0 0.91796875 0.79453125 0.115625 0.1625
0 0.5359375 0.73359375 0.1796875 0.2125
0 0.29765625 0.68828125 0.146875 0.128125
0 0.34921875 0.56015625 0.128125 0.11875
0 0.21328125 0.52578125 0.125 0.1
0 0.52421875 0.5703125 0.1140625 0.0953125
0 0.66953125 0.5515625 0.1125 0.115625
0 0.74765625 0.50546875 0.090625 0.0890625
0 0.51875 0.5140625 0.1015625 0.0921875
0 0.38203125 0.49375 0.096875 0.0890625
0 0.01328125 0.5015625 0.0265625 0.11875
0 0.1484375 0.39375 0.06875 0.0640625