0 0.26875 0.42109375 0.1171875 0.134375
0 0.10234375 0.37265625 0.115625 0.1359375
0 0.18046875 0.28046875 0.090625 0.109375
0 0.2984375 0.3125 0.0984375 0.11875
0 0.29140625 0.25546875 0.0796875 0.084375
0 0.2328125 0.21015625 0.075 0.0890625
0 0.27421875 0.18671875 0.0625 0.0796875
0 0.36875 0.2171875 0.071875 0.090625
0 0.33828125 0.15703125 0.0578125 0.0796875
0 0.31328125 0.115625 0.0625 0.078125
0 0.2234375 0.1390625 0.06875 0.084375
0 0.15625 0.175 0.071875 0.0875
0 0.40546875 0.1234375 0.0546875 0.065625
0 0.4609375 0.1078125 0.053125 0.0671875
0 0.9296875 0.71171875 0.1046875 0.1734375
0 0.7578125 0.46953125 0.1046875 0.128125
0 0.91640625 0.40625 0.1671875 0.4
0 0.83828125 0.36796875 0.08125 0.103125
0 0.81796875 0.2890625 0.065625 0.0875
0 0.74140625 0.4046875 0.103125 0.121875
0 0.59609375 0.39921875 0.103125 0.1359375
0 0.59375 0.3 0.08125 0.125
0 0.68984375 0.2875 0.08125 0.1046875
0 0.81796875 0.2921875 0.0703125 0.0875
0 0.70625 0.2375 0.06875 0.0921875
0 0.59375 0.234375 0.071875 0.090625
0 0.8046875 0.24921875 0.0671875 0.0828125
0 0.88984375 0.1328125 0.075 0.1171875
0 0.82265625 0.13515625 0.046875 0.0640625