0 0.4921875 0.92265625 0.178125 0.1546875
0 0.4125 0.7734375 0.1453125 0.1890625
0 0.31953125 0.5765625 0.1234375 0.1671875
0 0.28125 0.46484375 0.084375 0.1234375
0 0.12734375 0.51875 0.146875 0.2390625
0 0.11953125 0.66640625 0.1296875 0.1796875
0 0.29921875 0.28515625 0.078125 0.0953125
0 0.24765625 0.215625 0.0625 0.1015625
0 0.2234375 0.11484375 0.1109375 0.1921875
0 0.31171875 0.12890625 0.0921875 0.1609375
0 0.7875 0.38671875 0.096875 0.13125
0 0.69296875 0.28828125 0.0828125 0.1140625
0 0.77578125 0.2296875 0.0703125 0.0984375
0 0.6578125 0.17578125 0.0671875 0.09375
0 0.63515625 0.08671875 0.05 0.065625
0 0.7125 0.06171875 0.0546875 0.1078125
0 0.7828125 0.04921875 0.065625 0.0984375
0 0.40546875 0.15859375 0.05 0.0625