0 0.51953125 0.92890625 0.1015625 0.1265625
0 0.35234375 0.740625 0.0859375 0.115625
0 0.44140625 0.72109375 0.0546875 0.0671875
0 0.50078125 0.7203125 0.0578125 0.0703125
0 0.38203125 0.66953125 0.071875 0.10625
0 0.503125 0.65 0.0375 0.05
0 0.8890625 0.88671875 0.1 0.08125
0 0.7515625 0.92109375 0.096875 0.0796875
0 0.703125 0.86875 0.0859375 0.1046875
0 0.83828125 0.83359375 0.096875 0.1078125
0 0.84609375 0.75390625 0.0953125 0.103125
0 0.76171875 0.74765625 0.0734375 0.0859375
0 0.68203125 0.784375 0.06875 0.0828125
0 0.64921875 0.721875 0.059375 0.075
0 0.7296875 0.70078125 0.0578125 0.071875
0 0.8328125 0.6796875 0.065625 0.0640625
0 0.79765625 0.66875 0.0515625 0.0640625
0 0.678125 0.60703125 0.10625 0.1671875
0 0.77734375 0.640625 0.05 0.0625