0 0.23671875 0.98984375 0.1046875 0.0203125
0 0.43203125 0.87578125 0.071875 0.1046875
0 0.340625 0.84765625 0.071875 0.1015625
0 0.38359375 0.7421875 0.059375 0.084375
0 0.4703125 0.8140625 0.0625 0.0953125
0 0.4703125 0.7375 0.0609375 0.06875
0 0.40859375 0.7015625 0.046875 0.0640625
0 0.63828125 0.74609375 0.05625 0.0796875
0 0.9765625 0.9015625 0.046875 0.134375
0 0.86171875 0.78046875 0.0734375 0.096875
0 0.62265625 0.67890625 0.04375 0.0640625
0 0.72109375 0.6125 0.034375 0.0515625
0 0.70234375 0.565625 0.046875 0.0828125
0 0.653125 0.5984375 0.0328125 0.0515625
0 0.6046875 0.59453125 0.03125 0.0390625
0 0.4921875 0.67421875 0.0484375 0.0625
0 0.36171875 0.65234375 0.040625 0.0546875
0 0.3921875 0.5828125 0.0640625 0.1125
0 0.45 0.62421875 0.0328125 0.0515625
0 0.50234375 0.6171875 0.0375 0.0484375