0 0.81015625 0.8109375 0.0859375 0.1203125
0 0.55 0.7515625 0.0609375 0.096875
0 0.61328125 0.67890625 0.0515625 0.0734375
0 0.53046875 0.65234375 0.04375 0.06875
0 0.60546875 0.609375 0.0421875 0.05625
0 0.51015625 0.60703125 0.0390625 0.0625
0 0.553125 0.5828125 0.0359375 0.0609375
0 0.378125 0.70625 0.0578125 0.0890625
0 0.275 0.70546875 0.0703125 0.1390625
0 0.1828125 0.71953125 0.0625 0.0984375
0 0.24921875 0.628125 0.0453125 0.0671875
0 0.38203125 0.6234375 0.04375 0.053125
0 0.340625 0.5796875 0.0296875 0.046875
0 0.3046875 0.55703125 0.0296875 0.0453125
0 0.4015625 0.5578125 0.0265625 0.034375