0 0.1640625 0.72421875 0.1296875 0.178125
0 0.1125 0.57109375 0.109375 0.1328125
0 0.2703125 0.53515625 0.0859375 0.0890625
0 0.325 0.56640625 0.090625 0.11875
0 0.253125 0.47265625 0.0734375 0.0890625
0 0.3421875 0.42421875 0.0546875 0.071875
0 0.3984375 0.4390625 0.046875 0.0609375
0 0.4578125 0.44765625 0.0484375 0.0640625
0 0.44921875 0.3890625 0.059375 0.08125
0 0.41640625 0.378125 0.03125 0.0421875
0 0.4890625 0.36953125 0.0296875 0.0359375
0 0.528125 0.38046875 0.03125 0.0359375
0 0.46015625 0.3515625 0.0296875 0.0328125
0 0.68671875 0.6203125 0.0609375 0.0984375
0 0.6640625 0.45234375 0.040625 0.0640625
0 0.67734375 0.40390625 0.0359375 0.0453125
0 0.5890625 0.3890625 0.0296875 0.040625
0 0.63125 0.3765625 0.0265625 0.0375
0 0.6546875 0.346875 0.021875 0.0296875