0 0.69609375 0.91796875 0.1359375 0.1640625
0 0.753125 0.8015625 0.078125 0.09375
0 0.671875 0.66171875 0.05625 0.071875
0 0.634375 0.621875 0.046875 0.05625
0 0.62421875 0.5890625 0.0421875 0.05625
0 0.59765625 0.5546875 0.0390625 0.053125
0 0.5 0.60625 0.05 0.0609375
0 0.5484375 0.571875 0.040625 0.046875
0 0.48984375 0.546875 0.0359375 0.0484375
0 0.54296875 0.54453125 0.0375 0.0484375
0 0.3515625 0.64609375 0.05625 0.0859375
0 0.19609375 0.740625 0.0765625 0.1
0 0.0640625 0.7546875 0.0828125 0.115625
0 0.16171875 0.63203125 0.06875 0.0859375
0 0.29765625 0.58671875 0.04375 0.0640625
0 0.26015625 0.5296875 0.040625 0.053125
0 0.3265625 0.5390625 0.0390625 0.05625
0 0.3125 0.4828125 0.04375 0.06875
0 0.3921875 0.5203125 0.0296875 0.0453125