0 0.259375 0.9296875 0.1015625 0.121875
0 0.865625 0.95234375 0.109375 0.0953125
0 0.778125 0.753125 0.1453125 0.28125
0 0.628125 0.80390625 0.090625 0.13125
0 0.4953125 0.83671875 0.0796875 0.11875
0 0.69296875 0.73671875 0.071875 0.146875
0 0.56484375 0.69453125 0.05 0.0703125
0 0.540625 0.6265625 0.04375 0.0578125
0 0.459375 0.62109375 0.0484375 0.065625
0 0.5171875 0.575 0.0421875 0.059375
0 0.4515625 0.57578125 0.0390625 0.0546875
0 0.49453125 0.55703125 0.0296875 0.053125
0 0.0671875 0.934375 0.0953125 0.0921875
0 0.30546875 0.74375 0.0609375 0.0859375
0 0.19765625 0.721875 0.0625 0.0875
0 0.21015625 0.6609375 0.0609375 0.0671875
0 0.203125 0.5828125 0.0453125 0.0640625
0 0.25234375 0.53125 0.0390625 0.053125
0 0.30625 0.53515625 0.03125 0.04375
0 0.35625 0.52578125 0.0328125 0.0328125