0 0.42421875 0.8546875 0.1796875 0.2453125
0 0.140625 0.8734375 0.1828125 0.2078125
0 0.32265625 0.634375 0.1203125 0.15625
0 0.13828125 0.63828125 0.196875 0.321875
0 0.11640625 0.4765625 0.11875 0.121875
0 0.296875 0.32890625 0.0828125 0.1109375
0 0.23359375 0.2109375 0.0796875 0.1234375
0 0.22578125 0.0921875 0.1140625 0.184375
0 0.31796875 0.11875 0.1109375 0.190625
0 0.39921875 0.17890625 0.0625 0.075
0 0.434375 0.14375 0.05625 0.071875
0 0.4640625 0.0796875 0.05 0.0703125
0 0.93515625 0.39609375 0.09375 0.128125
0 0.74609375 0.27265625 0.075 0.096875
0 0.73515625 0.20234375 0.0671875 0.084375
0 0.8265625 0.18203125 0.0625 0.0890625
0 0.76484375 0.12265625 0.0609375 0.0859375
0 0.8484375 0.0640625 0.05 0.0734375
0 0.80078125 0.05390625 0.0453125 0.0625
0 0.92734375 0.06640625 0.0640625 0.065625
0 0.7078125 0.025 0.034375 0.0203125
0 0.57421875 0.075 0.0515625 0.059375
0 0.52421875 0.1015625 0.0546875 0.065625