0 0.26796875 0.80703125 0.14375 0.19375
0 0.8125 0.7234375 0.153125 0.1953125
0 0.95859375 0.6625 0.078125 0.178125
0 0.97265625 0.52265625 0.0546875 0.1390625
0 0.90546875 0.42578125 0.1 0.1484375
0 0.80078125 0.50625 0.115625 0.1421875
0 0.71015625 0.578125 0.1125 0.1515625
0 0.60703125 0.490625 0.0984375 0.125
0 0.6875 0.41328125 0.0921875 0.1359375
0 0.634375 0.29453125 0.065625 0.09375
0 0.61328125 0.2578125 0.053125 0.0859375
0 0.75 0.2203125 0.0828125 0.1609375
0 0.5796875 0.146875 0.046875 0.06875
0 0.67109375 0.14453125 0.0484375 0.0671875
0 0.74296875 0.08984375 0.040625 0.0609375
0 0.81640625 0.1 0.0453125 0.059375
0 0.77578125 0.0671875 0.0390625 0.065625
0 0.8625 0.065625 0.0390625 0.053125
0 0.2578125 0.1796875 0.0578125 0.06875
0 0.31640625 0.1015625 0.0390625 0.0671875
0 0.3421875 0.14140625 0.046875 0.0609375
0 0.38359375 0.15546875 0.05625 0.0671875
0 0.44765625 0.12265625 0.053125 0.0625
0 0.49921875 0.10625 0.0421875 0.0609375
0 0.37421875 0.08515625 0.0375 0.0546875
0 0.39765625 0.1109375 0.04375 0.0578125
0 0.46640625 0.06328125 0.0421875 0.0625
0 0.5109375 0.0671875 0.04375 0.059375
0 0.58125 0.0671875 0.0484375 0.0578125
0 0.6453125 0.0328125 0.0375 0.046875