0 0.21875 0.86171875 0.1390625 0.1671875
0 0.19765625 0.7375 0.0796875 0.0921875
0 0.30859375 0.63203125 0.0578125 0.0703125
0 0.35390625 0.60546875 0.046875 0.0546875
0 0.37109375 0.578125 0.04375 0.05625
0 0.40390625 0.55390625 0.0390625 0.053125
0 0.48046875 0.62578125 0.05 0.059375
0 0.4453125 0.58125 0.040625 0.0453125
0 0.50546875 0.575 0.0375 0.0484375
0 0.45625 0.5578125 0.0375 0.0484375
0 0.6046875 0.7015625 0.059375 0.0828125
0 0.72265625 0.828125 0.0765625 0.0984375
0 0.83984375 0.87578125 0.0859375 0.1140625
0 0.7828125 0.7375 0.06875 0.084375
0 0.67109375 0.6609375 0.0453125 0.0625
0 0.71875 0.61953125 0.0421875 0.053125
0 0.65703125 0.61015625 0.040625 0.0546875
0 0.684375 0.56171875 0.0453125 0.0671875
0 0.6015625 0.57578125 0.03125 0.04375