0 0.9484375 0.84921875 0.06875 0.184375
0 0.76015625 0.68203125 0.1015625 0.0953125
0 0.684375 0.82421875 0.15 0.2140625
0 0.62265625 0.5640625 0.059375 0.1265625
0 0.65234375 0.45 0.046875 0.0640625
0 0.67421875 0.39453125 0.03125 0.053125
0 0.6453125 0.359375 0.0234375 0.034375
0 0.62109375 0.39375 0.0265625 0.0328125
0 0.59609375 0.465625 0.0453125 0.0953125
0 0.575 0.3921875 0.0296875 0.0421875
0 0.60703125 0.35625 0.021875 0.0453125
0 0.56875 0.34140625 0.015625 0.028125
0 0.29453125 0.609375 0.1171875 0.15625
0 0.3734375 0.48046875 0.0625 0.08125
0 0.42109375 0.4125 0.04375 0.0734375
0 0.39765625 0.3625 0.03125 0.0671875
0 0.50234375 0.35859375 0.0296875 0.0453125
0 0.459375 0.3609375 0.0375 0.0421875