0 0.21796875 0.90390625 0.1421875 0.13125
0 0.415625 0.6265625 0.084375 0.1265625
0 0.48046875 0.4765625 0.0453125 0.0609375
0 0.45859375 0.39296875 0.04375 0.05625
0 0.9109375 0.8671875 0.1046875 0.2203125
0 0.70703125 0.67890625 0.1203125 0.1578125
0 0.7875 0.53125 0.25 0.259375
0 0.6234375 0.55078125 0.0703125 0.084375
0 0.6328125 0.4703125 0.0578125 0.0640625
0 0.58203125 0.47890625 0.053125 0.065625
0 0.7453125 0.5890625 0.1 0.1015625
0 0.54765625 0.41953125 0.0421875 0.0515625
0 0.5859375 0.41328125 0.0421875 0.05
0 0.3828125 0.34765625 0.0328125 0.040625
0 0.61875 0.40078125 0.0359375 0.0484375
0 0.5640625 0.38515625 0.028125 0.0390625
0 0.5859375 0.34375 0.0765625 0.1015625
0 0.44296875 0.30859375 0.01875 0.0265625
0 0.41796875 0.3078125 0.0171875 0.0265625