0 0.23515625 0.84140625 0.0703125 0.1
0 0.32578125 0.9265625 0.0796875 0.1375
0 0.38203125 0.746875 0.053125 0.075
0 0.4 0.68046875 0.0390625 0.0578125
0 0.35 0.64921875 0.0375 0.0515625
0 0.79375 0.8453125 0.1203125 0.2296875
0 0.86015625 0.96484375 0.0921875 0.0703125
0 0.71328125 0.97734375 0.0953125 0.0453125
0 0.58515625 0.98203125 0.0828125 0.0359375
0 0.68515625 0.91796875 0.078125 0.1203125
0 0.54609375 0.8671875 0.071875 0.090625
0 0.6421875 0.84140625 0.0640625 0.0796875
0 0.728125 0.81328125 0.0421875 0.084375
0 0.69765625 0.72734375 0.0796875 0.1390625
0 0.6234375 0.7921875 0.0609375 0.078125
0 0.51796875 0.79609375 0.0515625 0.0796875
0 0.60859375 0.7390625 0.0484375 0.065625
0 0.5265625 0.75546875 0.046875 0.0625