0 0.53828125 0.92578125 0.1796875 0.1484375
0 0.64140625 0.7390625 0.128125 0.18125
0 0.871875 0.771875 0.1421875 0.19375
0 0.896875 0.5890625 0.1234375 0.171875
0 0.75078125 0.46015625 0.103125 0.134375
0 0.71171875 0.38828125 0.0796875 0.1140625
0 0.85546875 0.3609375 0.090625 0.1203125
0 0.95078125 0.28671875 0.08125 0.1640625
0 0.8296875 0.271875 0.0984375 0.15
0 0.7515625 0.22421875 0.0671875 0.1015625
0 0.70546875 0.30234375 0.075 0.1203125
0 0.665625 0.24921875 0.05625 0.075
0 0.57890625 0.16640625 0.0453125 0.0765625
0 0.59296875 0.125 0.0484375 0.0765625
0 0.603125 0.06640625 0.090625 0.1328125
0 0.5109375 0.0671875 0.084375 0.134375
0 0.4078125 0.2 0.0609375 0.1046875
0 0.271875 0.3640625 0.090625 0.1328125
0 0.04765625 0.63359375 0.0890625 0.1578125
0 0.0453125 0.4734375 0.090625 0.125
0 0.26015625 0.1796875 0.0734375 0.1359375
0 0.35546875 0.1578125 0.0484375 0.0734375
0 0.32734375 0.11953125 0.04375 0.071875
0 0.209375 0.14453125 0.0640625 0.1578125
0 0.1375 0.0828125 0.0796875 0.121875
0 0.240625 0.08046875 0.0390625 0.0515625
0 0.41953125 0.0921875 0.040625 0.05