0 0.06953125 0.53203125 0.1265625 0.2015625
0 0.16875 0.4515625 0.1046875 0.1296875
0 0.29140625 0.4203125 0.103125 0.1265625
0 0.3078125 0.3109375 0.084375 0.103125
0 0.14375 0.31796875 0.16875 0.26875
0 0.23984375 0.23515625 0.0640625 0.1109375
0 0.33984375 0.2609375 0.075 0.09375
0 0.28515625 0.2046875 0.0578125 0.0796875
0 0.31640625 0.17265625 0.0578125 0.0734375
0 0.0640625 0.209375 0.1 0.30625
0 0.43203125 0.11953125 0.0546875 0.071875
0 0.43671875 0.93984375 0.1703125 0.1203125
0 0.71171875 0.3234375 0.084375 0.125
0 0.94765625 0.5 0.1046875 0.1375
0 0.76953125 0.23828125 0.065625 0.0828125
0 0.7984375 0.21015625 0.05 0.078125
0 0.7921875 0.13125 0.04375 0.0625
0 0.82578125 0.10703125 0.0421875 0.053125
0 0.90078125 0.1109375 0.046875 0.0609375
0 0.92265625 0.075 0.0421875 0.05
0 0.45234375 0.0796875 0.0453125 0.053125