0 0.19765625 0.6296875 0.0734375 0.109375
0 0.2890625 0.64375 0.0578125 0.075
0 0.24375 0.93125 0.0890625 0.065625
0 0.52890625 0.65546875 0.0671875 0.0796875
0 0.53828125 0.4828125 0.071875 0.11875
0 0.47578125 0.5109375 0.0546875 0.0671875
0 0.62265625 0.58515625 0.0578125 0.0671875
0 0.6921875 0.7296875 0.0625 0.0671875
0 0.76875 0.721875 0.0640625 0.0828125
0 0.80390625 0.77578125 0.059375 0.0828125
0 0.83125 0.825 0.0609375 0.071875
0 0.859375 0.94453125 0.08125 0.1109375
0 0.775 0.9140625 0.15625 0.171875