0 0.09453125 0.91953125 0.1796875 0.1609375
0 0.06171875 0.7265625 0.11875 0.171875
0 0.246875 0.703125 0.1375 0.140625
0 0.38671875 0.89609375 0.1921875 0.1875
0 0.40234375 0.73671875 0.1625 0.1375
0 0.44765625 0.59921875 0.115625 0.1
0 0.71171875 0.86875 0.1703125 0.1609375
0 0.92421875 0.77734375 0.1515625 0.1421875
0 0.6875 0.7421875 0.1609375 0.1171875
0 0.6390625 0.6171875 0.1359375 0.1296875
0 0.60390625 0.50859375 0.1046875 0.0828125
0 0.34765625 0.47421875 0.0859375 0.075
0 0.70625 0.4578125 0.084375 0.075
0 0.8390625 0.41796875 0.078125 0.0609375
0 0.96484375 0.43125 0.0703125 0.0609375