0 0.3078125 0.9296875 0.225 0.140625
0 0.32265625 0.8109375 0.190625 0.1625
0 0.09609375 0.9046875 0.1109375 0.184375
0 0.8953125 0.7578125 0.2015625 0.1953125
0 0.92734375 0.57734375 0.1453125 0.1703125
0 0.74609375 0.578125 0.1359375 0.1328125
0 0.66015625 0.7828125 0.196875 0.196875
0 0.72890625 0.92578125 0.2671875 0.128125
0 0.571875 0.61328125 0.146875 0.1359375
0 0.52265625 0.4765625 0.0953125 0.078125
0 0.37421875 0.5171875 0.1171875 0.1078125
0 0.2578125 0.48671875 0.0984375 0.078125
0 0.10625 0.46796875 0.0890625 0.0765625
0 0.6328125 0.39453125 0.0828125 0.08125
0 0.52421875 0.40703125 0.1046875 0.11875
0 0.3796875 0.4421875 0.0859375 0.0765625