0 0.94140625 0.69609375 0.0875 0.109375
0 0.86640625 0.59765625 0.084375 0.1375
0 0.77265625 0.51953125 0.0421875 0.06875
0 0.4734375 0.94296875 0.096875 0.1140625
0 0.28984375 0.7703125 0.090625 0.1625
0 0.1140625 0.85546875 0.0859375 0.1609375
0 0.4328125 0.71640625 0.084375 0.1203125
0 0.58125 0.68984375 0.071875 0.109375
0 0.7796875 0.80625 0.090625 0.134375
0 0.7578125 0.95625 0.125 0.0875
0 0.29140625 0.5234375 0.04375 0.115625
0 0.3265625 0.53203125 0.03125 0.046875
0 0.5234375 0.54296875 0.04375 0.059375
0 0.575 0.5375 0.04375 0.05625
0 0.46171875 0.5296875 0.0375 0.065625
0 0.20859375 0.534375 0.025 0.0421875