0 0.66875 0.81796875 0.171875 0.2140625
0 0.93125 0.84609375 0.1375 0.2078125
0 0.93515625 0.65078125 0.1296875 0.1953125
0 0.72421875 0.63203125 0.1234375 0.1640625
0 0.9375 0.4984375 0.125 0.159375
0 0.7765625 0.39140625 0.09375 0.1203125
0 0.86171875 0.30390625 0.090625 0.11875
0 0.94140625 0.2234375 0.0703125 0.1640625
0 0.8265625 0.221875 0.1078125 0.153125
0 0.740625 0.184375 0.0640625 0.06875
0 0.725 0.32578125 0.0890625 0.09375
0 0.70625 0.2578125 0.0796875 0.1125
0 0.6578125 0.21484375 0.065625 0.0734375
0 0.5578125 0.14296875 0.0515625 0.0703125
0 0.5734375 0.09609375 0.0453125 0.0828125
0 0.57578125 0.05390625 0.0984375 0.1078125
0 0.4828125 0.06015625 0.0875 0.1203125
0 0.42265625 0.225 0.071875 0.10625
0 0.38828125 0.08515625 0.05 0.053125
0 0.25 0.4265625 0.10625 0.1484375
0 0.2546875 0.20859375 0.0765625 0.1390625
0 0.2109375 0.1734375 0.0796875 0.1546875
0 0.36875 0.1796875 0.05625 0.0796875
0 0.3484375 0.1421875 0.05 0.0796875
0 0.32109375 0.125 0.0375 0.0640625
0 0.2859375 0.16015625 0.0421875 0.065625
0 0.26484375 0.10234375 0.05 0.059375
0 0.1359375 0.1015625 0.08125 0.1171875
0 0.08046875 0.09921875 0.0421875 0.0578125