0 0.71328125 0.93359375 0.0984375 0.109375
0 0.128125 0.96171875 0.10625 0.0765625
0 0.21015625 0.778125 0.1453125 0.2734375
0 0.3546875 0.82421875 0.0890625 0.128125
0 0.48359375 0.85390625 0.078125 0.115625
0 0.29140625 0.759375 0.071875 0.1421875
0 0.4140625 0.7171875 0.0484375 0.06875
0 0.43671875 0.6515625 0.0421875 0.0578125
0 0.515625 0.64453125 0.046875 0.0640625
0 0.45859375 0.6015625 0.040625 0.0578125
0 0.521875 0.6 0.0375 0.053125
0 0.4796875 0.58359375 0.028125 0.053125
0 0.89765625 0.9359375 0.09375 0.08125
0 0.665625 0.76015625 0.0609375 0.084375
0 0.76953125 0.7375 0.0625 0.0859375
0 0.75625 0.67890625 0.0609375 0.065625
0 0.7625 0.60390625 0.0453125 0.0625
0 0.71328125 0.5546875 0.0390625 0.05
0 0.6609375 0.559375 0.03125 0.0421875
0 0.61328125 0.55078125 0.03125 0.03125