0 0.83203125 0.76328125 0.234375 0.2046875
0 0.31796875 0.89375 0.1703125 0.178125
0 0.14609375 0.8703125 0.1734375 0.1421875
0 0.19609375 0.64921875 0.23125 0.146875
0 0.78984375 0.61015625 0.071875 0.0953125
0 0.67890625 0.57109375 0.0625 0.075
0 0.584375 0.5359375 0.0671875 0.0828125
0 0.49296875 0.51953125 0.0875 0.0984375
0 0.28984375 0.3703125 0.090625 0.0875
0 0.5828125 0.3140625 0.0671875 0.059375
0 0.7734375 0.50859375 0.06875 0.0875
0 0.7546875 0.44375 0.059375 0.05625
0 0.73671875 0.38046875 0.059375 0.0625
0 0.68203125 0.4515625 0.05625 0.065625
0 0.67890625 0.52109375 0.0515625 0.0390625
0 0.65234375 0.42265625 0.046875 0.059375
0 0.59140625 0.4609375 0.0703125 0.0828125
0 0.725 0.26484375 0.0609375 0.0796875
0 0.625 0.23203125 0.034375 0.04375
0 0.53828125 0.1890625 0.034375 0.0390625
0 0.50625 0.178125 0.0328125 0.04375
0 0.47265625 0.15859375 0.0328125 0.034375
0 0.35625 0.63984375 0.1125 0.121875