0 0.50234375 0.86875 0.1734375 0.2109375
0 0.1828125 0.71640625 0.140625 0.16875
0 0.26015625 0.4640625 0.103125 0.1296875
0 0.1359375 0.3484375 0.09375 0.14375
0 0.0890625 0.2 0.1359375 0.2296875
0 0.1859375 0.225 0.1234375 0.1921875
0 0.2796875 0.278125 0.0734375 0.0859375
0 0.30234375 0.23203125 0.0671875 0.08125
0 0.29453125 0.1515625 0.05625 0.075
0 0.3609375 0.16953125 0.0546875 0.0640625
0 0.3421875 0.1234375 0.05 0.0609375
0 0.3953125 0.12890625 0.0546875 0.0625
0 0.4953125 0.02734375 0.046875 0.0546875
0 0.38125 0.09140625 0.0578125 0.065625
0 0.6265625 0.1703125 0.0625 0.0796875
0 0.78046875 0.2375 0.0859375 0.1125
0 0.9046875 0.309375 0.1046875 0.128125
0 0.70625 0.08515625 0.0546875 0.0703125
0 0.63046875 0.1125 0.0578125 0.0671875
0 0.65859375 0.04296875 0.053125 0.08125
0 0.2890625 0.86171875 0.2625 0.2765625