0 0.36796875 0.76328125 0.190625 0.175
0 0.225 0.74140625 0.165625 0.15
0 0.61640625 0.68828125 0.1765625 0.1609375
0 0.58203125 0.5546875 0.1921875 0.20625
0 0.7390625 0.48359375 0.1546875 0.159375
0 0.7875 0.3921875 0.103125 0.10625
0 0.6296875 0.3828125 0.0921875 0.09375
0 0.68515625 0.31328125 0.0875 0.0984375
0 0.5734375 0.3296875 0.0828125 0.078125
0 0.3875 0.5984375 0.1328125 0.125
0 0.38984375 0.4953125 0.11875 0.1140625
0 0.265625 0.5140625 0.10625 0.0953125
0 0.2859375 0.44765625 0.0921875 0.0828125
0 0.0640625 0.56953125 0.128125 0.1203125
0 0.17265625 0.4359375 0.065625 0.0578125