0 0.15 0.9265625 0.19375 0.146875
0 0.2609375 0.615625 0.14375 0.1625
0 0.14140625 0.57109375 0.128125 0.121875
0 0.21640625 0.4515625 0.0859375 0.09375
0 0.2953125 0.465625 0.1109375 0.109375
0 0.33828125 0.33046875 0.0703125 0.0765625
0 0.27890625 0.30859375 0.059375 0.06875
0 0.3578125 0.25859375 0.0625 0.053125
0 0.42734375 0.765625 0.171875 0.1609375
0 0.44375 0.63515625 0.15 0.1375
0 0.6578125 0.64609375 0.1453125 0.134375
0 0.74140625 0.80390625 0.2375 0.215625
0 0.92890625 0.68984375 0.1421875 0.1578125
0 0.80859375 0.54296875 0.146875 0.125
0 0.73671875 0.4515625 0.1265625 0.1125
0 0.596875 0.47109375 0.1140625 0.1
0 0.5734375 0.421875 0.1015625 0.0890625
0 0.5484375 0.35 0.1 0.140625
0 0.65859375 0.35703125 0.0890625 0.0828125
0 0.621875 0.309375 0.0734375 0.0640625
0 0.79453125 0.32734375 0.0859375 0.0734375
0 0.9578125 0.43671875 0.084375 0.0984375
0 0.73203125 0.28828125 0.071875 0.0546875