0 0.503125 0.88671875 0.196875 0.2265625
0 0.303125 0.54375 0.115625 0.153125
0 0.121875 0.74140625 0.13125 0.1640625
0 0.09609375 0.65546875 0.1109375 0.1640625
0 0.06796875 0.5484375 0.10625 0.1515625
0 0.09453125 0.48671875 0.1015625 0.13125
0 0.1265625 0.3671875 0.0859375 0.1140625
0 0.253125 0.3109375 0.0765625 0.1078125
0 0.015625 0.37578125 0.03125 0.1046875
0 0.0546875 0.2875 0.0703125 0.0953125
0 0.1640625 0.27734375 0.0640625 0.090625
0 0.2 0.228125 0.0546875 0.08125
0 0.3046875 0.2015625 0.0609375 0.08125
0 0.2375 0.18359375 0.0578125 0.078125
0 0.153125 0.19140625 0.0578125 0.0765625
0 0.26875 0.09453125 0.078125 0.1046875
0 0.33828125 0.16328125 0.0578125 0.0671875
0 0.3578125 0.1015625 0.0546875 0.0671875
0 0.75859375 0.4765625 0.1328125 0.1796875
0 0.76640625 0.36328125 0.1015625 0.1203125
0 0.625 0.40703125 0.1078125 0.146875
0 0.66328125 0.2453125 0.071875 0.103125
0 0.52734375 0.284375 0.08125 0.1015625
0 0.61484375 0.16328125 0.053125 0.071875
0 0.53125 0.140625 0.0546875 0.071875
0 0.7265625 0.115625 0.125 0.23125
0 0.63515625 0.084375 0.0515625 0.0640625
0 0.55859375 0.09375 0.0515625 0.0765625
0 0.6296875 0.13359375 0.046875 0.065625