0 0.77109375 0.76484375 0.13125 0.1671875
0 0.54453125 0.81953125 0.1234375 0.1640625
0 0.95546875 0.6140625 0.0890625 0.13125
0 0.35 0.703125 0.084375 0.1046875
0 0.2421875 0.70625 0.0875 0.115625
0 0.2375 0.61953125 0.065625 0.09375
0 0.32109375 0.6 0.0703125 0.090625
0 0.4359375 0.59296875 0.075 0.1046875
0 0.37734375 0.51953125 0.059375 0.0921875
0 0.29296875 0.540625 0.0609375 0.08125
0 0.62265625 0.51484375 0.06875 0.0828125
0 0.759375 0.51171875 0.0640625 0.090625
0 0.79140625 0.44609375 0.0625 0.06875