0 0.6625 0.6890625 0.121875 0.146875
0 0.88671875 0.75703125 0.1296875 0.190625
0 0.8796875 0.596875 0.10625 0.1546875
0 0.88671875 0.475 0.1 0.1328125
0 0.73984375 0.37421875 0.0734375 0.10625
0 0.81796875 0.3109375 0.0703125 0.0921875
0 0.96640625 0.36484375 0.0578125 0.090625
0 0.91328125 0.25546875 0.090625 0.1484375
0 0.79140625 0.24140625 0.090625 0.1328125
0 0.70703125 0.2015625 0.0546875 0.0640625
0 0.6921875 0.31328125 0.0640625 0.08125
0 0.67578125 0.25703125 0.0609375 0.078125
0 0.63203125 0.21875 0.05 0.071875
0 0.5390625 0.15 0.040625 0.0578125
0 0.4734375 0.06015625 0.0671875 0.115625
0 0.56484375 0.0625 0.0859375 0.125
0 0.4265625 0.25625 0.065625 0.109375
0 0.2015625 0.46328125 0.1046875 0.15
0 0.26640625 0.21640625 0.065625 0.1421875
0 0.2390625 0.178125 0.06875 0.1515625
0 0.1875 0.08203125 0.0734375 0.1359375
0 0.13828125 0.09296875 0.0375 0.0578125
0 0.27265625 0.121875 0.0328125 0.0546875
0 0.315625 0.11171875 0.040625 0.0578125
0 0.3203125 0.17109375 0.05 0.059375
0 0.39296875 0.20234375 0.0484375 0.0734375
0 0.38515625 0.15546875 0.0421875 0.071875
0 0.36484375 0.140625 0.0375 0.065625