0 0.8984375 0.63046875 0.203125 0.1984375
0 0.48125 0.93984375 0.1625 0.1203125
0 0.30859375 0.975 0.1671875 0.05
0 0.2671875 0.78984375 0.234375 0.1375
0 0.81015625 0.503125 0.06875 0.096875
0 0.6890625 0.5140625 0.0609375 0.075
0 0.58515625 0.51953125 0.0640625 0.0828125
0 0.4921875 0.54375 0.084375 0.096875
0 0.23828125 0.4875 0.0890625 0.0859375
0 0.490625 0.31171875 0.0671875 0.0578125
0 0.75078125 0.415625 0.065625 0.0875
0 0.70625 0.3609375 0.0578125 0.05625
0 0.66328125 0.309375 0.0578125 0.0609375
0 0.64140625 0.39921875 0.0546875 0.065625
0 0.66796875 0.46640625 0.0515625 0.0390625
0 0.6015625 0.38515625 0.0453125 0.059375
0 0.559375 0.446875 0.0671875 0.0828125
0 0.6046875 0.20546875 0.059375 0.0796875
0 0.49609375 0.21640625 0.034375 0.04375
0 0.39609375 0.21171875 0.034375 0.0390625
0 0.3609375 0.21484375 0.03125 0.04375
0 0.32109375 0.2109375 0.0328125 0.034375
0 0.4140625 0.71328125 0.1109375 0.1203125