0 0.746875 0.7453125 0.0984375 0.11875
0 0.8390625 0.696875 0.0875 0.0828125
0 0.75703125 0.6109375 0.0546875 0.05625
0 0.68671875 0.63984375 0.078125 0.0625
0 0.64140625 0.56953125 0.0609375 0.0390625
0 0.67265625 0.503125 0.0609375 0.090625
0 0.2 0.55703125 0.1390625 0.16875
0 0.3015625 0.61796875 0.0609375 0.0875
0 0.3515625 0.55 0.0421875 0.059375
0 0.32890625 0.49375 0.0359375 0.046875
0 0.3859375 0.43828125 0.05625 0.065625
0 0.390625 0.5015625 0.025 0.034375
0 0.41953125 0.47421875 0.0265625 0.034375