0 0.78203125 0.89296875 0.115625 0.15625
0 0.89140625 0.646875 0.096875 0.15625
0 0.7484375 0.6578125 0.08125 0.13125
0 0.6296875 0.57109375 0.0765625 0.109375
0 0.490625 0.52890625 0.1109375 0.1875
0 0.30234375 0.73984375 0.103125 0.134375
0 0.10078125 0.67109375 0.0875 0.0984375
0 0.11171875 0.93046875 0.1296875 0.1390625
0 0.19765625 0.5328125 0.05625 0.0671875
0 0.24375 0.50703125 0.0546875 0.0734375
0 0.3015625 0.50390625 0.046875 0.0484375
0 0.73828125 0.4875 0.0453125 0.059375
0 0.803125 0.4640625 0.04375 0.053125
0 0.640625 0.51328125 0.05625 0.0734375
0 0.675 0.46328125 0.040625 0.0546875