0 0.50546875 0.59140625 0.075 0.1015625
0 0.8796875 0.91875 0.15 0.1625
0 0.934375 0.70546875 0.096875 0.1140625
0 0.8421875 0.775 0.16875 0.1953125
0 0.8078125 0.64609375 0.11875 0.0953125
0 0.8 0.55859375 0.0828125 0.09375
0 0.6828125 0.6390625 0.09375 0.1109375
0 0.60859375 0.521875 0.0578125 0.0734375
0 0.67109375 0.50859375 0.0578125 0.084375
0 0.73125 0.490625 0.0625 0.06875
0 0.63515625 0.46015625 0.0515625 0.065625
0 0.58203125 0.45 0.05 0.0640625
0 0.6578125 0.42578125 0.046875 0.0546875
0 0.5984375 0.4171875 0.0390625 0.0453125
0 0.628125 0.40703125 0.0296875 0.0390625
0 0.5609375 0.41875 0.0328125 0.05
0 0.415625 0.434375 0.04375 0.059375
0 0.46328125 0.40703125 0.0328125 0.0484375
0 0.37734375 0.34375 0.0234375 0.034375
0 0.4484375 0.3375 0.0234375 0.0328125
0 0.60390625 0.3609375 0.053125 0.0765625