0 0.36796875 0.81640625 0.1125 0.184375
0 0.33046875 0.64296875 0.128125 0.1953125
0 0.21953125 0.82734375 0.121875 0.16875
0 0.453125 0.64921875 0.0921875 0.1296875
0 0.58671875 0.6140625 0.0828125 0.11875
0 0.69765625 0.73671875 0.121875 0.1546875
0 0.87265625 0.87578125 0.1625 0.1359375
0 0.78125 0.6390625 0.09375 0.1171875
0 0.8359375 0.4890625 0.075 0.0890625
0 0.7359375 0.45390625 0.059375 0.0703125
0 0.8421875 0.41796875 0.1015625 0.1296875
0 0.36640625 0.53203125 0.0546875 0.078125
0 0.4875 0.53125 0.0578125 0.0734375