0 0.140625 0.721875 0.1359375 0.175
0 0.0546875 0.71171875 0.0828125 0.115625
0 0.01328125 0.8203125 0.0265625 0.1125
0 0.1546875 0.59375 0.0609375 0.0734375
0 0.10859375 0.6125 0.0625 0.08125
0 0.20625 0.56171875 0.0609375 0.078125
0 0.275 0.58359375 0.0578125 0.0734375
0 0.4484375 0.5921875 0.0609375 0.0734375
0 0.39140625 0.5046875 0.053125 0.0625
0 0.49921875 0.46015625 0.0765625 0.1265625
0 0.540625 0.50625 0.05 0.0671875
0 0.6109375 0.76328125 0.065625 0.0921875
0 0.709375 0.78203125 0.084375 0.1171875
0 0.78828125 0.725 0.053125 0.065625