0 0.2625 0.5875 0.134375 0.178125
0 0.2 0.46015625 0.09375 0.1484375
0 0.17734375 0.221875 0.16875 0.340625
0 0.35 0.3171875 0.08125 0.115625
0 0.36171875 0.25546875 0.0828125 0.084375
0 0.27265625 0.2203125 0.0546875 0.096875
0 0.2796875 0.16171875 0.0515625 0.075
0 0.5015625 0.284375 0.0765625 0.1125
0 0.5046875 0.2078125 0.059375 0.1015625
0 0.48984375 0.15234375 0.05625 0.0875
0 0.41015625 0.18203125 0.059375 0.0875
0 0.3859375 0.13515625 0.05 0.071875
0 0.36875 0.0984375 0.046875 0.059375
0 0.2953125 0.12265625 0.05 0.06875
0 0.75546875 0.6125 0.1234375 0.15625
0 0.95859375 0.578125 0.0828125 0.1421875
0 0.78671875 0.446875 0.103125 0.1484375
0 0.93984375 0.41796875 0.084375 0.1234375
0 0.86875 0.36875 0.075 0.10625
0 0.76328125 0.29296875 0.06875 0.09375
0 0.88203125 0.27734375 0.065625 0.078125
0 0.9203125 0.31640625 0.0671875 0.096875
0 0.9875 0.28984375 0.025 0.0984375
0 0.95 0.23046875 0.0625 0.0796875
0 0.82578125 0.221875 0.0578125 0.0921875
0 0.8671875 0.17265625 0.0578125 0.0765625
0 0.7703125 0.16171875 0.0546875 0.078125
0 0.68671875 0.1640625 0.059375 0.075
0 0.72265625 0.13046875 0.0484375 0.06875
0 0.75390625 0.10625 0.0453125 0.0671875
0 0.67265625 0.0953125 0.0484375 0.0734375
0 0.60546875 0.09765625 0.0453125 0.0578125
0 0.54921875 0.071875 0.0453125 0.05625