0 0.24921875 0.79609375 0.06875 0.0953125
0 0.31875 0.66796875 0.0875 0.14375
0 0.76171875 0.9453125 0.1234375 0.109375
0 0.80625 0.84453125 0.075 0.071875
0 0.9484375 0.8125 0.08125 0.0828125
0 0.86875 0.75390625 0.05 0.0734375
0 0.7296875 0.77421875 0.0625 0.0609375
0 0.7140625 0.7015625 0.0390625 0.040625
0 0.73203125 0.6640625 0.0421875 0.0453125
0 0.6453125 0.659375 0.04375 0.0453125
0 0.5640625 0.6515625 0.0265625 0.040625
0 0.60390625 0.63515625 0.021875 0.0390625
0 0.5796875 0.60546875 0.01875 0.025
0 0.33125 0.5609375 0.03125 0.065625
0 0.15390625 0.728125 0.1109375 0.1484375
0 0.040625 0.7953125 0.06875 0.0828125
0 0.08125 0.7125 0.0375 0.071875
0 0.225 0.65 0.015625 0.0234375
0 0.25078125 0.6125 0.015625 0.025
0 0.19296875 0.62421875 0.0234375 0.0203125
0 0.2234375 0.58515625 0.015625 0.0234375
0 0.50078125 0.57890625 0.03125 0.01875