0 0.8875 0.81484375 0.1921875 0.23125
0 0.640625 0.73515625 0.103125 0.1703125
0 0.56484375 0.61640625 0.040625 0.0515625
0 0.62734375 0.584375 0.046875 0.0609375
0 0.55546875 0.57734375 0.0359375 0.0421875
0 0.3390625 0.9578125 0.115625 0.084375
0 0.19453125 0.978125 0.1109375 0.04375
0 0.23515625 0.940625 0.0890625 0.1046875
0 0.27734375 0.8703125 0.0734375 0.0859375
0 0.36015625 0.8703125 0.090625 0.1109375
0 0.46953125 0.86796875 0.09375 0.1109375
0 0.47265625 0.790625 0.06875 0.078125
0 0.3875 0.7984375 0.065625 0.084375
0 0.27109375 0.8171875 0.0625 0.0671875
0 0.31171875 0.77890625 0.0625 0.071875
0 0.38046875 0.753125 0.059375 0.059375
0 0.4796875 0.725 0.059375 0.06875