0 0.54140625 0.56953125 0.2828125 0.228125
0 0.178125 0.559375 0.3078125 0.2015625
0 0.315625 0.875 0.425 0.2375
0 0.40625 0.3734375 0.240625 0.128125
0 0.10390625 0.40390625 0.20625 0.1078125
0 0.58359375 0.253125 0.128125 0.1140625
0 0.73984375 0.28125 0.1328125 0.1125
0 0.22265625 0.2953125 0.1609375 0.103125
0 0.08203125 0.2296875 0.1203125 0.084375
0 0.18515625 0.15859375 0.11875 0.0796875
0 0.68984375 0.17578125 0.090625 0.065625
0 0.55234375 0.153125 0.090625 0.0578125
0 0.78515625 0.21484375 0.0796875 0.0375
0 0.84375 0.15234375 0.0828125 0.0421875
0 0.73515625 0.1265625 0.0796875 0.0453125