0 0.0453125 0.459375 0.090625 0.146875
0 0.2921875 0.36328125 0.07265625 0.103125
0 0.346875 0.27890625 0.06171875 0.08203125
0 0.2640625 0.2421875 0.059375 0.08046875
0 0.35 0.18515625 0.05 0.07734375
0 0.3484375 0.103125 0.04453125 0.07734375
0 0.28671875 0.09375 0.04609375 0.1015625
0 0.21640625 0.06796875 0.053125 0.1234375
0 0.56171875 0.8578125 0.14140625 0.17890625
0 0.675 0.6171875 0.1109375 0.16640625
0 0.71953125 0.49921875 0.0796875 0.10625
0 0.865625 0.5265625 0.1296875 0.21640625
0 0.88125 0.69375 0.1171875 0.16171875
0 0.75625 0.22890625 0.04921875 0.096875
0 0.7109375 0.303125 0.059375 0.08828125
0 0.68984375 0.14765625 0.078125 0.153125
0 0.77265625 0.1265625 0.0890625 0.18203125
0 0.6078125 0.18984375 0.04453125 0.06484375
0 0.5796875 0.159375 0.04609375 0.06015625
0 0.54921875 0.1078125 0.03671875 0.05859375
0 0.4953125 0.1171875 0.03828125 0.04921875
0 0.45 0.0953125 0.0359375 0.04921875