0 0.57890625 0.83359375 0.14375 0.21015625
0 0.83203125 0.890625 0.15 0.21015625
0 0.6875 0.64375 0.096875 0.1328125
0 0.853125 0.66171875 0.15390625 0.278125
0 0.88515625 0.51875 0.0984375 0.1015625
0 0.734375 0.37109375 0.065625 0.09375
0 0.8 0.27109375 0.0625 0.10625
0 0.81640625 0.14765625 0.0875 0.19609375
0 0.7328125 0.18125 0.08515625 0.16484375
0 0.65390625 0.22890625 0.0515625 0.06328125
0 0.62578125 0.1953125 0.04609375 0.06015625
0 0.60390625 0.13515625 0.03984375 0.06015625
0 0.15703125 0.38203125 0.075 0.109375
0 0.33671875 0.2859375 0.0609375 0.08203125
0 0.3515625 0.2234375 0.05390625 0.07109375
0 0.27109375 0.1984375 0.04921875 0.07578125
0 0.33046875 0.15 0.0484375 0.07421875
0 0.259375 0.07734375 0.03984375 0.09296875
0 0.30390625 0.08359375 0.03671875 0.05859375
0 0.1890625 0.0609375 0.05390625 0.10625
0 0.38984375 0.05234375 0.0296875 0.04609375
0 0.50625 0.12265625 0.04140625 0.05078125
0 0.5484375 0.15 0.0453125 0.05546875