0 0.62109375 0.7578125 0.1296875 0.16953125
0 0.86171875 0.6828125 0.10703125 0.15859375
0 0.8859375 0.51171875 0.08515625 0.121875
0 0.721875 0.4375 0.0828125 0.103125
0 0.72890625 0.3703125 0.0671875 0.0953125
0 0.86328125 0.41953125 0.0703125 0.1046875
0 0.8453125 0.34765625 0.06953125 0.096875
0 0.9640625 0.33515625 0.05703125 0.08984375
0 0.9 0.28515625 0.05703125 0.07109375
0 0.83671875 0.2046875 0.08125 0.121875
0 0.7625 0.23984375 0.05703125 0.07578125
0 0.69453125 0.26328125 0.06015625 0.07265625
0 0.6390625 0.2203125 0.0484375 0.07109375
0 0.72578125 0.18359375 0.075 0.1078125
0 0.609375 0.1828125 0.0484375 0.06953125
0 0.63203125 0.14609375 0.05 0.06015625
0 0.559375 0.1546875 0.03984375 0.04921875
0 0.3375 0.37578125 0.0859375 0.140625
0 0.20625 0.30390625 0.0828125 0.17578125
0 0.39453125 0.2921875 0.0546875 0.09375
0 0.35625 0.23046875 0.04921875 0.07265625
0 0.453125 0.23359375 0.0484375 0.08515625
0 0.41875 0.1625 0.0453125 0.05078125
0 0.34609375 0.165625 0.03828125 0.05078125
0 0.30546875 0.11875 0.03671875 0.04609375
0 0.2515625 0.09375 0.0671875 0.18203125
0 0.1625 0.07890625 0.03359375 0.04609375
0 0.31953125 0.0875 0.02890625 0.06015625