0 0.6734375 0.65078125 0.109375 0.15859375
0 0.87265625 0.6125 0.10078125 0.1484375
0 0.79140625 0.9453125 0.1515625 0.109375
0 0.8796875 0.465625 0.071875 0.10625
0 0.725 0.39453125 0.07265625 0.08828125
0 0.721875 0.32734375 0.0625 0.07109375
0 0.8296875 0.31875 0.0625 0.09140625
0 0.8546875 0.3859375 0.07109375 0.09296875
0 0.9390625 0.3109375 0.06015625 0.08203125
0 0.87890625 0.26953125 0.053125 0.06640625
0 0.8140625 0.19140625 0.07734375 0.1140625
0 0.73984375 0.221875 0.05 0.07734375
0 0.67734375 0.240625 0.05234375 0.07421875
0 0.6203125 0.20234375 0.04453125 0.06171875
0 0.7078125 0.171875 0.07265625 0.103125
0 0.5875 0.1671875 0.04375 0.06953125
0 0.284375 0.42265625 0.09609375 0.15703125
0 0.1703125 0.33203125 0.0953125 0.20703125
0 0.21796875 0.25390625 0.08671875 0.20234375
0 0.35078125 0.2515625 0.06328125 0.07421875
0 0.37421875 0.3171875 0.06484375 0.103125
0 0.45390625 0.26015625 0.05703125 0.08828125
0 0.43359375 0.17734375 0.04453125 0.06796875
0 0.35546875 0.178125 0.0421875 0.06015625
0 0.25546875 0.10390625 0.06484375 0.18359375
0 0.31484375 0.134375 0.03984375 0.05546875
0 0.175 0.09140625 0.03984375 0.05234375