0 0.5796875 0.93828125 0.16875 0.1234375
0 0.67421875 0.659375 0.121875 0.18359375
0 0.85234375 0.86015625 0.140625 0.19296875
0 0.89296875 0.5734375 0.09140625 0.121875
0 0.7140625 0.43359375 0.0765625 0.1140625
0 0.89609375 0.43671875 0.07734375 0.1046875
0 0.88125 0.5 0.07890625 0.08359375
0 0.98046875 0.37734375 0.0390625 0.109375
0 0.93046875 0.309375 0.06953125 0.08828125
0 0.81328125 0.3125 0.06328125 0.08515625
0 0.86328125 0.2484375 0.0546875 0.08046875
0 0.6890625 0.265625 0.0609375 0.08046875
0 0.76328125 0.24453125 0.0515625 0.07578125
0 0.72265625 0.2078125 0.04609375 0.06640625
0 0.7578125 0.17734375 0.0453125 0.06171875
0 0.67890625 0.175 0.04921875 0.06328125
0 0.6203125 0.18984375 0.046875 0.06171875
0 0.71015625 0.15234375 0.03828125 0.04453125
0 0.6375 0.10234375 0.0625 0.09140625
0 0.5765625 0.1625 0.03828125 0.05390625
0 0.55234375 0.11015625 0.03671875 0.05390625
0 0.0515625 0.7125 0.103125 0.21484375
0 0.140625 0.51875 0.0953125 0.1390625
0 0.25 0.58984375 0.11640625 0.1515625
0 0.41875 0.40859375 0.0796875 0.1046875
0 0.29375 0.3625 0.0625 0.1046875
0 0.22734375 0.21171875 0.109375 0.2625
0 0.36640625 0.26953125 0.0578125 0.08203125
0 0.4640625 0.23515625 0.05390625 0.07890625
0 0.3578125 0.17578125 0.04453125 0.06171875
0 0.440625 0.17890625 0.0421875 0.08046875
0 0.40703125 0.1484375 0.0375 0.06171875
0 0.32421875 0.14140625 0.04609375 0.05703125
0 0.48203125 0.11015625 0.04140625 0.05390625