0 0.6453125 0.8265625 0.14609375 0.20234375
0 0.884375 0.73671875 0.1296875 0.16484375
0 0.70390625 0.5765625 0.10703125 0.16484375
0 0.89140625 0.515625 0.08515625 0.1078125
0 0.85859375 0.459375 0.08359375 0.10625
0 0.71640625 0.39453125 0.07265625 0.103125
0 0.88125 0.40234375 0.07109375 0.09375
0 0.8484375 0.35859375 0.06875 0.09140625
0 0.97109375 0.34921875 0.0578125 0.1
0 0.91328125 0.29296875 0.059375 0.08984375
0 0.79609375 0.290625 0.059375 0.08828125
0 0.8421875 0.23359375 0.0546875 0.07578125
0 0.746875 0.22890625 0.0484375 0.07265625
0 0.6703125 0.24375 0.0515625 0.06796875
0 0.7015625 0.19609375 0.0453125 0.06796875
0 0.7328125 0.16484375 0.0453125 0.05546875
0 0.659375 0.1625 0.04765625 0.05390625
0 0.60234375 0.17578125 0.040625 0.05859375
0 0.68828125 0.14296875 0.0328125 0.05390625
0 0.55078125 0.14921875 0.0390625 0.05703125
0 0.61328125 0.096875 0.06328125 0.08671875
0 0.1390625 0.69375 0.13984375 0.17109375
0 0.05546875 0.58046875 0.11015625 0.1453125
0 0.38125 0.45859375 0.09140625 0.1171875
0 0.27109375 0.39921875 0.06484375 0.10625
0 0.21015625 0.2296875 0.11796875 0.28125
0 0.359375 0.29375 0.0609375 0.08828125
0 0.4703125 0.26015625 0.0546875 0.08515625
0 0.365625 0.19453125 0.04609375 0.06484375
0 0.45 0.1984375 0.04453125 0.09140625
0 0.4203125 0.16640625 0.0421875 0.06796875
0 0.3328125 0.1578125 0.0421875 0.06328125