0 0.91328125 0.57421875 0.09921875 0.17890625
0 0.8296875 0.48671875 0.0859375 0.1125
0 0.71796875 0.44375 0.084375 0.109375
0 0.715625 0.33984375 0.06875 0.08984375
0 0.86796875 0.36484375 0.13046875 0.2390625
0 0.78828125 0.2765625 0.0484375 0.0984375
0 0.6921875 0.2890625 0.0609375 0.08203125
0 0.7484375 0.2421875 0.04609375 0.07109375
0 0.7234375 0.209375 0.04765625 0.06328125
0 0.9625 0.2734375 0.075 0.28359375
0 0.621875 0.14609375 0.04375 0.06328125
0 0.52109375 0.9328125 0.14921875 0.134375
0 0.33671875 0.30546875 0.065625 0.1109375
0 0.090625 0.4421875 0.09375 0.11875
0 0.29140625 0.21875 0.05390625 0.07265625
0 0.26796875 0.1890625 0.0390625 0.06953125
0 0.2828125 0.115625 0.0359375 0.05546875
0 0.2546875 0.08984375 0.034375 0.04609375
0 0.184375 0.084375 0.0375 0.05390625
0 0.1671875 0.04765625 0.034375 0.04296875
0 0.60703125 0.10625 0.0375 0.04609375