0 0.653125 0.69375 0.11484375 0.140625
0 0.871875 0.77265625 0.11875 0.18359375
0 0.8734375 0.6125 0.0984375 0.1484375
0 0.88671875 0.4921875 0.09296875 0.1265625
0 0.746875 0.384375 0.06796875 0.1015625
0 0.82734375 0.3265625 0.065625 0.08828125
0 0.97265625 0.38671875 0.0546875 0.08828125
0 0.925 0.27578125 0.0828125 0.14375
0 0.8046875 0.25546875 0.08359375 0.128125
0 0.7234375 0.21171875 0.05 0.06171875
0 0.70234375 0.321875 0.059375 0.07890625
0 0.6890625 0.26484375 0.05703125 0.07578125
0 0.64765625 0.22421875 0.046875 0.06953125
0 0.55859375 0.1515625 0.0375 0.05546875
0 0.4984375 0.059375 0.06171875 0.1125
0 0.58984375 0.06328125 0.078125 0.12578125
0 0.440625 0.25078125 0.059375 0.10625
0 0.20703125 0.4453125 0.09609375 0.14375
0 0.284375 0.20390625 0.0578125 0.1390625
0 0.259375 0.16328125 0.06171875 0.1484375
0 0.21328125 0.06640625 0.0671875 0.1328125
0 0.16328125 0.07421875 0.034375 0.05546875
0 0.2953125 0.109375 0.03046875 0.05234375
0 0.33828125 0.1015625 0.03828125 0.05546875
0 0.340625 0.1609375 0.046875 0.05703125
0 0.4109375 0.19609375 0.0453125 0.07109375
0 0.40546875 0.14921875 0.03828125 0.06953125
0 0.3859375 0.13359375 0.03359375 0.06328125