0 0.675 0.76953125 0.1265625 0.17421875
0 0.17578125 0.675 0.134375 0.17421875
0 0.03828125 0.6140625 0.0765625 0.16171875
0 0.02890625 0.4859375 0.05703125 0.1265625
0 0.10078125 0.3984375 0.08671875 0.1328125
0 0.19375 0.47578125 0.1015625 0.128125
0 0.275 0.54453125 0.09921875 0.1359375
0 0.3734375 0.46796875 0.08671875 0.1109375
0 0.3015625 0.39453125 0.08046875 0.121875
0 0.35390625 0.2859375 0.05703125 0.08515625
0 0.37421875 0.253125 0.04609375 0.07734375
0 0.25078125 0.21484375 0.071875 0.1453125
0 0.409375 0.153125 0.040625 0.06171875
0 0.325 0.14765625 0.0421875 0.06015625
0 0.2609375 0.09375 0.0359375 0.05546875
0 0.19296875 0.10078125 0.03984375 0.05390625
0 0.23203125 0.07265625 0.034375 0.05859375
0 0.1515625 0.06875 0.03359375 0.04765625
0 0.7046875 0.19296875 0.05234375 0.06171875
0 0.65390625 0.11953125 0.034375 0.06015625
0 0.628125 0.1546875 0.04140625 0.05546875
0 0.5890625 0.165625 0.05 0.06015625
0 0.53203125 0.134375 0.046875 0.05546875
0 0.48515625 0.1171875 0.0375 0.05546875
0 0.6 0.1015625 0.03203125 0.04921875
0 0.578125 0.125 0.03828125 0.05234375
0 0.51640625 0.0796875 0.0375 0.05703125
0 0.475 0.08125 0.03828125 0.05390625
0 0.41015625 0.0796875 0.0421875 0.05078125
0 0.35234375 0.0453125 0.0328125 0.04140625