0 0.2484375 0.60625 0.11875 0.16015625
0 0.18671875 0.48984375 0.08125 0.134375
0 0.1578125 0.27109375 0.14609375 0.31015625
0 0.321875 0.353125 0.071875 0.1046875
0 0.3296875 0.2953125 0.075 0.07578125
0 0.246875 0.26640625 0.04765625 0.08828125
0 0.25078125 0.21171875 0.0453125 0.06796875
0 0.46015625 0.31796875 0.06796875 0.1015625
0 0.46171875 0.246875 0.0515625 0.09296875
0 0.44453125 0.196875 0.04921875 0.07890625
0 0.37265625 0.22578125 0.05234375 0.07890625
0 0.34921875 0.18359375 0.04375 0.06484375
0 0.33125 0.15078125 0.04140625 0.05390625
0 0.2640625 0.17421875 0.0453125 0.06171875
0 0.70625 0.61328125 0.109375 0.140625
0 0.90859375 0.57578125 0.1015625 0.1296875
0 0.7296875 0.459375 0.09140625 0.134375
0 0.87109375 0.42734375 0.0734375 0.1109375
0 0.80390625 0.384375 0.065625 0.0953125
0 0.70390625 0.3171875 0.06015625 0.08515625
0 0.81328125 0.29921875 0.0578125 0.07109375
0 0.84921875 0.334375 0.059375 0.08828125
0 0.934375 0.3078125 0.06796875 0.09140625
0 0.875 0.25390625 0.05546875 0.07265625
0 0.75859375 0.25 0.05 0.08359375
0 0.7953125 0.203125 0.0515625 0.06953125
0 0.70625 0.19609375 0.04765625 0.07109375
0 0.628125 0.20078125 0.05234375 0.06796875
0 0.66015625 0.16796875 0.0421875 0.06171875
0 0.6890625 0.1453125 0.040625 0.06171875
0 0.6125 0.13828125 0.04140625 0.06640625
0 0.55078125 0.1421875 0.040625 0.05234375
0 0.49765625 0.11953125 0.040625 0.05078125