0 0.6984375 0.62421875 0.1046875 0.140625
0 0.8890625 0.4203125 0.0765625 0.1375
0 0.753125 0.3578125 0.0640625 0.08359375
0 0.70234375 0.3234375 0.06171875 0.07890625
0 0.8265625 0.26875 0.09921875 0.20078125
0 0.9171875 0.21796875 0.09296875 0.234375
0 0.72890625 0.21328125 0.04765625 0.07109375
0 0.66484375 0.2515625 0.0546875 0.07109375
0 0.63046875 0.21484375 0.0484375 0.05859375
0 0.68125 0.1859375 0.04140625 0.06640625
0 0.64609375 0.159375 0.0421875 0.05390625
0 0.228125 0.43359375 0.0828125 0.1328125
0 0.240625 0.29609375 0.06015625 0.08359375
0 0.2625 0.24296875 0.04921875 0.07890625
0 0.33046875 0.165625 0.04453125 0.06015625
0 0.30546875 0.13046875 0.0375 0.05390625
0 0.2328125 0.1265625 0.04140625 0.05546875
0 0.2375 0.07734375 0.03671875 0.05859375
0 0.1671875 0.03671875 0.0375 0.0734375
0 0.5359375 0.10703125 0.03671875 0.06015625
0 0.4515625 0.07890625 0.0359375 0.04609375