0 0.74765625 0.88203125 0.14765625 0.18046875
0 0.721875 0.55390625 0.09296875 0.1265625
0 0.8734375 0.38515625 0.075 0.146875
0 0.809375 0.246875 0.09453125 0.20390625
0 0.89921875 0.20234375 0.1 0.2375
0 0.73359375 0.325 0.0625 0.08515625
0 0.6953125 0.28828125 0.0609375 0.08359375
0 0.64453125 0.22265625 0.053125 0.06953125
0 0.70546875 0.19375 0.046875 0.06015625
0 0.65859375 0.1671875 0.0421875 0.06015625
0 0.61015625 0.1890625 0.0421875 0.05078125
0 0.621875 0.14296875 0.0390625 0.05078125
0 0.50703125 0.09375 0.03125 0.05234375
0 0.1625 0.49609375 0.096875 0.15
0 0.20546875 0.32890625 0.06796875 0.09296875
0 0.25078125 0.26484375 0.053125 0.08515625
0 0.340625 0.18515625 0.04453125 0.06796875
0 0.31875 0.14609375 0.03984375 0.05390625
0 0.24453125 0.13359375 0.04375 0.05703125
0 0.26015625 0.09140625 0.03984375 0.05546875
0 0.18828125 0.04296875 0.03828125 0.06796875
0 0.27421875 0.03125 0.0296875 0.03984375