0 0.56171875 0.86328125 0.14140625 0.21171875
0 0.8125 0.8859375 0.1375 0.20703125
0 0.8703125 0.6765625 0.115625 0.16484375
0 0.74375 0.528125 0.090625 0.1234375
0 0.71796875 0.446875 0.0828125 0.10625
0 0.86953125 0.41796875 0.0765625 0.1078125
0 0.8515625 0.33046875 0.0921875 0.15703125
0 0.72578125 0.35078125 0.0671875 0.1
0 0.70078125 0.29609375 0.05703125 0.08046875
0 0.78671875 0.275 0.05546875 0.06484375
0 0.9671875 0.34296875 0.06484375 0.17578125
0 0.62265625 0.19609375 0.04765625 0.06484375
0 0.65 0.15625 0.046875 0.07421875
0 0.6578125 0.08203125 0.08046875 0.1546875
0 0.575 0.09140625 0.0671875 0.1203125
0 0.48984375 0.11171875 0.04140625 0.06015625
0 0.44140625 0.0875 0.0375 0.05078125
0 0.4015625 0.05390625 0.03359375 0.05234375
0 0.14921875 0.5078125 0.1 0.1296875
0 0.13828125 0.38671875 0.07265625 0.115625
0 0.3296875 0.31171875 0.065625 0.0984375
0 0.30703125 0.15703125 0.0546875 0.1328125
0 0.4359375 0.18203125 0.04921875 0.08984375
0 0.384375 0.1390625 0.03671875 0.07109375
0 0.353125 0.11015625 0.0390625 0.06328125
0 0.2578125 0.125 0.0625 0.1359375
0 0.32890625 0.090625 0.0265625 0.05703125
0 0.178125 0.0546875 0.065625 0.10625