0 0.37265625 0.9421875 0.08359375 0.10625
0 0.34140625 0.6375 0.0453125 0.07421875
0 0.2578125 0.646875 0.05546875 0.1015625
0 0.59921875 0.64765625 0.0515625 0.07890625
0 0.6703125 0.55546875 0.040625 0.06484375
0 0.83671875 0.65625 0.053125 0.07109375
0 0.775 0.68671875 0.040625 0.06796875
0 0.56328125 0.4703125 0.06171875 0.1171875
0 0.51171875 0.51328125 0.03203125 0.04140625
0 0.88515625 0.69765625 0.04921875 0.07734375
0 0.921875 0.734375 0.05 0.06484375
0 0.909375 0.86640625 0.12578125 0.18046875
0 0.9828125 0.853125 0.03125 0.09296875