0 0.37265625 0.9375 0.0796875 0.121875
0 0.25703125 0.64609375 0.053125 0.09375
0 0.340625 0.63359375 0.04375 0.06640625
0 0.60234375 0.64921875 0.0515625 0.07890625
0 0.67421875 0.559375 0.0515625 0.06640625
0 0.56171875 0.47421875 0.046875 0.115625
0 0.51328125 0.515625 0.03125 0.05234375
0 0.77734375 0.68828125 0.04921875 0.06171875
0 0.8390625 0.6546875 0.0578125 0.07421875
0 0.88671875 0.696875 0.04921875 0.07265625
0 0.925 0.7421875 0.0578125 0.06171875
0 0.91875 0.8609375 0.11640625 0.18828125