0 0.8359375 0.82578125 0.1078125 0.17578125
0 0.9171875 0.8328125 0.05390625 0.103125
0 0.9671875 0.96328125 0.0625 0.0734375
0 0.33984375 0.69921875 0.0421875 0.07734375
0 0.25 0.703125 0.05546875 0.10625
0 0.1890625 0.62890625 0.0375 0.05390625
0 0.5578125 0.62265625 0.0390625 0.06640625
0 0.72578125 0.65859375 0.0359375 0.05546875
0 0.7953125 0.64609375 0.04765625 0.06640625
0 0.8421875 0.68359375 0.04375 0.06796875
0 0.87734375 0.7296875 0.0421875 0.05546875
0 0.634375 0.54921875 0.0359375 0.05859375
0 0.53828125 0.46953125 0.04921875 0.1125
0 0.48671875 0.50625 0.03359375 0.05234375