0 0.93125 0.94375 0.07109375 0.07578125
0 0.8046875 0.80625 0.0921875 0.17109375
0 0.8859375 0.81953125 0.059375 0.0953125
0 0.8578125 0.7125 0.04765625 0.07265625
0 0.8203125 0.6796875 0.04140625 0.07265625
0 0.77890625 0.63515625 0.04921875 0.06953125
0 0.70546875 0.64375 0.0375 0.07109375
0 0.540625 0.60546875 0.0484375 0.07578125
0 0.33828125 0.71875 0.0453125 0.07421875
0 0.24375 0.715625 0.0609375 0.09140625
0 0.61640625 0.53671875 0.040625 0.06171875
0 0.18203125 0.64296875 0.03359375 0.05078125
0 0.525 0.45859375 0.04765625 0.1015625