0 0.84609375 0.83125 0.11015625 0.18671875
0 0.92890625 0.83984375 0.0515625 0.08984375
0 0.884375 0.72578125 0.053125 0.06640625
0 0.84921875 0.68203125 0.04921875 0.08046875
0 0.8015625 0.64765625 0.0515625 0.06328125
0 0.734375 0.6609375 0.04375 0.06640625
0 0.56640625 0.62265625 0.053125 0.07265625
0 0.64140625 0.5453125 0.0421875 0.06015625
0 0.54296875 0.46796875 0.05625 0.1140625
0 0.48984375 0.509375 0.0421875 0.05234375
0 0.33984375 0.68515625 0.040625 0.06796875
0 0.253125 0.690625 0.06171875 0.08515625
0 0.18984375 0.61796875 0.03359375 0.04453125