0 0.90078125 0.846875 0.11796875 0.18203125
0 0.97578125 0.853125 0.0453125 0.0953125
0 0.915625 0.73984375 0.04765625 0.06328125
0 0.87734375 0.69765625 0.04609375 0.07421875
0 0.83125 0.6546875 0.04921875 0.06796875
0 0.76640625 0.678125 0.03984375 0.06328125
0 0.59375 0.646875 0.0484375 0.07109375
0 0.66640625 0.55234375 0.0390625 0.05859375
0 0.559375 0.4734375 0.05234375 0.1046875
0 0.36875 0.95 0.07734375 0.1
0 0.34453125 0.65 0.0375 0.07421875
0 0.2578125 0.65859375 0.05546875 0.09296875
0 0.509375 0.5140625 0.034375 0.05234375