0 0.88046875 0.84296875 0.10859375 0.17265625
0 0.9609375 0.8484375 0.05546875 0.09296875
0 0.90703125 0.734375 0.0484375 0.07421875
0 0.86875 0.69375 0.04609375 0.07890625
0 0.82265625 0.65 0.04765625 0.07421875
0 0.759375 0.67265625 0.04375 0.06796875
0 0.584375 0.63984375 0.0453125 0.07265625
0 0.659375 0.55 0.04453125 0.06328125
0 0.5578125 0.47265625 0.04921875 0.115625
0 0.50546875 0.50546875 0.03359375 0.05390625
0 0.34453125 0.66328125 0.03828125 0.06171875
0 0.25859375 0.66640625 0.06171875 0.08984375
0 0.3671875 0.959375 0.07578125 0.08046875