0 0.2 0.62421875 0.05625 0.08515625
0 0.20625 0.57109375 0.03984375 0.07109375
0 0.12734375 0.51640625 0.0359375 0.06015625
0 0.028125 0.46875 0.03046875 0.04609375
0 0.34609375 0.60625 0.06015625 0.09296875
0 0.28125 0.50703125 0.0296875 0.05078125
0 0.34296875 0.51328125 0.0359375 0.05703125
0 0.440625 0.47265625 0.0515625 0.1125
0 0.48125 0.53125 0.04921875 0.07734375
0 0.55234375 0.54296875 0.04453125 0.06171875
0 0.596875 0.70703125 0.09453125 0.16015625
0 0.70546875 0.66484375 0.0765625 0.1140625
0 0.925 0.64765625 0.07734375 0.09140625
0 0.83359375 0.5515625 0.05703125 0.07265625
0 0.71484375 0.50625 0.0390625 0.05234375
0 0.80078125 0.53203125 0.040625 0.05546875
0 0.74765625 0.48984375 0.04140625 0.05078125