0 0.4859375 0.9140625 0.11171875 0.17109375
0 0.28984375 0.76640625 0.065625 0.128125
0 0.3015625 0.61171875 0.04765625 0.08515625
0 0.2953125 0.54296875 0.0421875 0.05859375
0 0.221875 0.52734375 0.0375 0.06015625
0 0.52265625 0.58984375 0.0515625 0.07109375
0 0.76015625 0.84921875 0.18515625 0.30078125
0 0.82578125 0.54921875 0.04765625 0.06796875
0 0.48125 0.509375 0.03359375 0.05234375
0 0.0390625 0.53203125 0.0453125 0.06484375
0 0.3484375 0.50859375 0.03671875 0.05703125
0 0.771875 0.53125 0.0453125 0.05390625