0 0.2984375 0.93125 0.09296875 0.1375
0 0.16328125 0.7125 0.0734375 0.140625
0 0.29921875 0.703125 0.0609375 0.11875
0 0.40078125 0.60546875 0.06015625 0.096875
0 0.5265625 0.546875 0.0828125 0.16796875
0 0.73203125 0.72109375 0.08125 0.11875
0 0.91328125 0.63046875 0.071875 0.08515625
0 0.9390625 0.88984375 0.1078125 0.14375
0 0.803125 0.5125 0.0453125 0.05859375
0 0.75625 0.49375 0.04375 0.06484375
0 0.70078125 0.49921875 0.0390625 0.04140625
0 0.2875 0.54140625 0.03671875 0.05234375
0 0.22265625 0.528125 0.0359375 0.04609375
0 0.3828125 0.55234375 0.0453125 0.06484375
0 0.34375 0.51015625 0.0328125 0.04765625