0 0.9140625 0.6625 0.08359375 0.103125
0 0.84296875 0.56953125 0.0796875 0.1296875
0 0.753125 0.4953125 0.03984375 0.06484375
0 0.4703125 0.9203125 0.09296875 0.15625
0 0.29609375 0.7328125 0.08515625 0.1546875
0 0.1296875 0.8140625 0.08125 0.153125
0 0.43203125 0.68203125 0.07890625 0.1140625
0 0.571875 0.65625 0.06796875 0.103125
0 0.76015625 0.7671875 0.08515625 0.1265625
0 0.73984375 0.934375 0.11796875 0.13125
0 0.29765625 0.49921875 0.040625 0.109375
0 0.33125 0.50703125 0.03046875 0.04453125
0 0.5171875 0.51796875 0.04140625 0.05703125
0 0.56640625 0.5125 0.040625 0.05234375
0 0.459375 0.5046875 0.03671875 0.06171875
0 0.21875 0.509375 0.02421875 0.03984375