0 0.2921875 0.621875 0.05234375 0.08671875
0 0.41875 0.6671875 0.06328125 0.1125
0 0.53359375 0.5984375 0.0640625 0.08671875
0 0.73828125 0.834375 0.16796875 0.33046875
0 0.8953125 0.57421875 0.059375 0.06796875
0 0.97265625 0.653125 0.053125 0.09296875
0 0.70625 0.48046875 0.0609375 0.103125
0 0.57734375 0.553125 0.04921875 0.06640625
0 0.50546875 0.4875 0.05546875 0.0984375
0 0.4796875 0.54375 0.04140625 0.06640625
0 0.36171875 0.52734375 0.03828125 0.05703125
0 0.290625 0.5375 0.04609375 0.05703125
0 0.2921875 0.62265625 0.059375 0.08828125
0 0.1234375 0.5328125 0.04765625 0.103125