0 0.30546875 0.78359375 0.075 0.16328125
0 0.30546875 0.6140625 0.0890625 0.17265625
0 0.16484375 0.76484375 0.0875 0.146875
0 0.41875 0.64453125 0.0671875 0.1125
0 0.55078125 0.63828125 0.06015625 0.103125
0 0.63046875 0.775 0.090625 0.1328125
0 0.765625 0.94453125 0.1375 0.1109375
0 0.728125 0.7 0.07109375 0.1
0 0.80859375 0.57109375 0.0578125 0.07421875
0 0.7234375 0.51796875 0.0453125 0.06015625
0 0.8296875 0.5046875 0.07578125 0.1109375
0 0.3609375 0.5171875 0.0390625 0.06796875
0 0.47421875 0.540625 0.0421875 0.06328125