0 0.3734375 0.86328125 0.21875 0.2640625
0 0.2375 0.625 0.1328125 0.1453125
0 0.1625 0.5328125 0.1 0.096875
0 0.0421875 0.71171875 0.084375 0.1484375
0 0.696875 0.80625 0.15625 0.14296875
0 0.62890625 0.621875 0.13125 0.1125
0 0.7984375 0.5875 0.10625 0.10625
0 0.8625 0.4375 0.07421875 0.0625
0 0.73125 0.48828125 0.08984375 0.07109375
0 0.603125 0.5234375 0.0984375 0.07421875
0 0.4578125 0.521875 0.09375 0.08046875
0 0.4375 0.590625 0.109375 0.096875
0 0.50625 0.44921875 0.07109375 0.06796875
0 0.35390625 0.4109375 0.06640625 0.07734375
0 0.2984375 0.36796875 0.06328125 0.059375
0 0.584375 0.428125 0.06953125 0.0578125
0 0.69609375 0.428125 0.07421875 0.06796875