0 0.8515625 0.71953125 0.1359375 0.12578125
0 0.7125 0.790625 0.17109375 0.17734375
0 0.434375 0.78125 0.16171875 0.1484375
0 0.4359375 0.61796875 0.146875 0.1640625
0 0.30859375 0.51640625 0.1078125 0.1078125
0 0.0390625 0.7453125 0.078125 0.16875
0 0.23828125 0.4546875 0.07890625 0.07890625
0 0.37421875 0.41328125 0.05703125 0.0625
0 0.45078125 0.496875 0.08984375 0.06640625
0 0.60546875 0.49921875 0.109375 0.09375
0 0.72265625 0.490625 0.08515625 0.07890625
0 0.94765625 0.48828125 0.1046875 0.0953125
0 0.6953125 0.42890625 0.08203125 0.0625
0 0.79921875 0.38671875 0.06484375 0.0484375