0 0.10234375 0.9015625 0.19765625 0.196875
0 0.071875 0.69375 0.14375 0.1609375
0 0.26484375 0.675 0.128125 0.13203125
0 0.39375 0.86015625 0.17890625 0.17421875
0 0.4109375 0.709375 0.153125 0.12734375
0 0.45703125 0.5796875 0.1078125 0.09375
0 0.703125 0.83984375 0.15859375 0.15
0 0.91484375 0.75703125 0.16015625 0.13203125
0 0.68203125 0.71875 0.1515625 0.1078125
0 0.6375 0.6 0.1265625 0.12109375
0 0.60625 0.49609375 0.0984375 0.07734375
0 0.3640625 0.459375 0.08046875 0.06953125
0 0.7046875 0.45 0.07890625 0.06953125
0 0.83125 0.41484375 0.07265625 0.05625
0 0.95546875 0.42890625 0.07734375 0.05625