0 0.6484375 0.70546875 0.17265625 0.1578125
0 0.840625 0.6609375 0.1375 0.12734375
0 0.75703125 0.53359375 0.109375 0.08203125
0 0.61171875 0.584375 0.109375 0.096875
0 0.446875 0.57109375 0.11875 0.1015625
0 0.421875 0.65859375 0.140625 0.10625
0 0.2984375 0.51953125 0.1125 0.12421875
0 0.17578125 0.71015625 0.18828125 0.18359375
0 0.09375 0.59765625 0.125 0.11953125
0 0.21171875 0.471875 0.08984375 0.08984375
0 0.48203125 0.47421875 0.09140625 0.07890625
0 0.59296875 0.45234375 0.08984375 0.06796875
0 0.71484375 0.46015625 0.09296875 0.08046875
0 0.90390625 0.46640625 0.08515625 0.07578125
0 0.78515625 0.37265625 0.05546875 0.05
0 0.66484375 0.37265625 0.07421875 0.053125
0 0.571875 0.353125 0.07890625 0.1078125
0 0.36953125 0.365625 0.05703125 0.0640625
0 0.4703125 0.3625 0.05234375 0.0421875
0 0.3109375 0.33046875 0.05390625 0.0484375
0 0.771875 0.93671875 0.21875 0.1265625