0 0.353125 0.93984375 0.21875 0.1203125
0 0.65625 0.72578125 0.1421875 0.13359375
0 0.44453125 0.65078125 0.1328125 0.109375
0 0.8671875 0.69921875 0.17265625 0.1515625
0 0.62890625 0.596875 0.115625 0.0984375
0 0.60859375 0.47421875 0.109375 0.159375
0 0.459375 0.50234375 0.08828125 0.06796875
0 0.32265625 0.478125 0.08671875 0.08046875
0 0.15078125 0.56171875 0.121875 0.103125
0 0.2765625 0.36796875 0.06796875 0.06640625
0 0.37109375 0.3796875 0.06640625 0.07734375
0 0.7265625 0.49609375 0.08984375 0.08046875
0 0.91484375 0.47734375 0.09296875 0.06953125
0 0.82265625 0.4015625 0.07109375 0.059375
0 0.84375 0.34921875 0.06640625 0.0515625
0 0.659375 0.35625 0.06015625 0.0546875
0 0.56796875 0.37421875 0.06171875 0.05
0 0.47421875 0.34453125 0.05390625 0.0453125
0 0.38984375 0.31328125 0.05390625 0.053125
0 0.31953125 0.3125 0.05234375 0.0546875