0 0.775 0.91796875 0.21328125 0.1640625
0 0.9359375 0.884375 0.128125 0.1640625
0 0.4109375 0.709375 0.16484375 0.2015625
0 0.384375 0.93828125 0.221875 0.1234375
0 0.12421875 0.7984375 0.18671875 0.209375
0 0.09453125 0.621875 0.14375 0.12890625
0 0.66015625 0.6953125 0.1328125 0.1125
0 0.75234375 0.5328125 0.1 0.08359375
0 0.61640625 0.55 0.11875 0.1046875
0 0.44609375 0.5359375 0.1078125 0.07734375
0 0.33984375 0.45234375 0.08359375 0.08984375
0 0.27109375 0.41015625 0.06328125 0.08203125
0 0.1265625 0.3546875 0.06484375 0.05625
0 0.59375 0.4796875 0.08515625 0.07421875
0 0.70703125 0.45234375 0.09296875 0.0609375
0 0.82890625 0.409375 0.07109375 0.0546875
0 0.946875 0.41328125 0.07265625 0.05625