0 0.31171875 0.63671875 0.06328125 0.115625
0 0.69609375 0.62734375 0.09921875 0.14375
0 0.775 0.5734375 0.26796875 0.29765625
0 0.9359375 0.8703125 0.128125 0.24296875
0 0.54453125 0.4625 0.0421875 0.053125
0 0.59765625 0.45234375 0.03984375 0.0546875
0 0.6078125 0.41171875 0.03515625 0.040625
0 0.54765625 0.40390625 0.03046875 0.0359375
0 0.57578125 0.3875 0.0265625 0.0390625
0 0.54453125 0.3671875 0.02578125 0.03515625
0 0.51640625 0.37734375 0.0234375 0.0328125
0 0.484375 0.38046875 0.02109375 0.03125
0 0.390625 0.44453125 0.03046875 0.04453125
0 0.33671875 0.39609375 0.0234375 0.04140625
0 0.340625 0.33984375 0.0296875 0.06796875
0 0.40078125 0.340625 0.01796875 0.0265625