0 0.41171875 0.6046875 0.0625 0.1109375
0 0.4671875 0.509375 0.046875 0.06796875
0 0.415625 0.38515625 0.03125 0.04765625
0 0.38515625 0.41171875 0.0234375 0.04921875
0 0.34140625 0.36875 0.0203125 0.02890625
0 0.3765625 0.353125 0.01640625 0.02421875
0 0.9171875 0.5953125 0.165625 0.228125
0 0.78828125 0.7515625 0.12734375 0.1515625
0 0.9546875 0.76875 0.08828125 0.15390625
0 0.7328125 0.57109375 0.07578125 0.08828125
0 0.76640625 0.5234375 0.065625 0.07734375
0 0.63671875 0.57734375 0.06640625 0.08125
0 0.696875 0.484375 0.05390625 0.0625
0 0.57890625 0.49609375 0.04921875 0.06484375
0 0.6140625 0.46484375 0.04140625 0.05546875
0 0.63359375 0.41484375 0.06875 0.08359375
0 0.53671875 0.4515625 0.0328125 0.04765625
0 0.55625 0.41015625 0.02734375 0.040625
0 0.5046875 0.40859375 0.03125 0.04453125