0 0.45625 0.91953125 0.1203125 0.16015625
0 0.57421875 0.7546875 0.0984375 0.1546875
0 0.84453125 0.821875 0.15859375 0.20546875
0 0.8296875 0.64140625 0.1140625 0.15859375
0 0.66953125 0.5734375 0.1140625 0.134375
0 0.40234375 0.534375 0.05625 0.08828125
0 0.32109375 0.5203125 0.0421875 0.07421875
0 0.66953125 0.5 0.10078125 0.115625
0 0.8203125 0.565625 0.090625 0.0921875
0 0.5765625 0.50078125 0.05 0.07109375
0 0.5828125 0.43515625 0.04453125 0.05078125
0 0.534375 0.44609375 0.0375 0.059375
0 0.6421875 0.43515625 0.0421875 0.05234375
0 0.60703125 0.41171875 0.0328125 0.04921875
0 0.38125 0.38203125 0.02265625 0.034375