0 0.26953125 0.79140625 0.09296875 0.21015625
0 0.47890625 0.5328125 0.0515625 0.0875
0 0.4421875 0.43359375 0.0296875 0.0453125
0 0.3828125 0.4171875 0.028125 0.0421875
0 0.41328125 0.3828125 0.021875 0.03203125
0 0.375 0.36796875 0.0203125 0.03203125
0 0.3984375 0.33828125 0.015625 0.025
0 0.74453125 0.6 0.08984375 0.10859375
0 0.83359375 0.53828125 0.303125 0.29375
0 0.646875 0.58359375 0.071875 0.08671875
0 0.65234375 0.503125 0.05625 0.0703125
0 0.60703125 0.4484375 0.03515625 0.04921875
0 0.53671875 0.4453125 0.0359375 0.05234375
0 0.57421875 0.3875 0.0265625 0.03671875
0 0.50546875 0.403125 0.02578125 0.03203125
0 0.53125 0.38203125 0.02734375 0.040625