0 0.26640625 0.9125 0.1203125 0.17421875
0 0.59140625 0.81484375 0.1140625 0.16953125
0 0.3921875 0.478125 0.03359375 0.05859375
0 0.3296875 0.465625 0.03984375 0.07578125
0 0.74921875 0.6984375 0.11171875 0.140625
0 0.75390625 0.584375 0.0875 0.08828125
0 0.9140625 0.63046875 0.1109375 0.11875
0 0.7609375 0.5171875 0.07265625 0.0953125
0 0.67421875 0.45703125 0.0484375 0.07109375
0 0.634375 0.55859375 0.06796875 0.0953125
0 0.58203125 0.4984375 0.05625 0.07421875
0 0.57734375 0.4234375 0.03828125 0.05078125
0 0.60703125 0.40625 0.0328125 0.04921875
0 0.51484375 0.41640625 0.03203125 0.04921875