0 0.271875 0.9328125 0.1203125 0.134375
0 0.4171875 0.62890625 0.0640625 0.1125
0 0.45625 0.47734375 0.0359375 0.05390625
0 0.42265625 0.403125 0.034375 0.04921875
0 0.94296875 0.78046875 0.1140625 0.2015625
0 0.7 0.63515625 0.09453125 0.1375
0 0.753125 0.48359375 0.20625 0.21796875
0 0.60234375 0.52734375 0.05625 0.07265625
0 0.5984375 0.45 0.04765625 0.05390625
0 0.55234375 0.465625 0.04140625 0.05703125
0 0.72265625 0.54375 0.0828125 0.08515625
0 0.5109375 0.4140625 0.03359375 0.04453125
0 0.5453125 0.403125 0.03359375 0.04296875
0 0.34453125 0.37109375 0.02578125 0.03515625
0 0.575 0.38671875 0.02890625 0.04140625
0 0.52109375 0.3796875 0.021875 0.03359375
0 0.5359375 0.3375 0.06015625 0.0890625
0 0.39609375 0.32578125 0.0140625 0.0234375
0 0.371875 0.328125 0.01328125 0.0234375