0 0.303125 0.63046875 0.06015625 0.1015625
0 0.41484375 0.596875 0.05390625 0.0921875
0 0.44140625 0.4546875 0.03671875 0.06171875
0 0.384375 0.403125 0.03125 0.07265625
0 0.41171875 0.3671875 0.02109375 0.0390625
0 0.34609375 0.35234375 0.01875 0.0265625
0 0.81640625 0.76171875 0.1390625 0.18828125
0 0.87421875 0.6015625 0.1125 0.1375
0 0.70625 0.50546875 0.13203125 0.19921875
0 0.6546875 0.59921875 0.07421875 0.115625
0 0.78515625 0.51484375 0.0640625 0.09296875
0 0.60390625 0.51171875 0.0640625 0.07890625
0 0.60390625 0.44765625 0.04609375 0.05234375