0 0.88203125 0.415625 0.090625 0.1046875
0 0.765625 0.3828125 0.0796875 0.1
0 0.83671875 0.340625 0.0734375 0.09375
0 0.87265625 0.28671875 0.0671875 0.08125
0 0.8015625 0.278125 0.065625 0.078125
0 0.73984375 0.3046875 0.06875 0.090625
0 0.721875 0.2671875 0.0625 0.0796875
0 0.67890625 0.2125 0.05625 0.075
0 0.77578125 0.246875 0.053125 0.065625
0 0.82734375 0.24296875 0.05625 0.06875
0 0.76328125 0.19140625 0.05 0.075
0 0.725 0.2078125 0.0625 0.075
0 0.17109375 0.57578125 0.1609375 0.2078125
0 0.075 0.46328125 0.1421875 0.1640625
0 0.10390625 0.3296875 0.109375 0.1359375
0 0.359375 0.43125 0.125 0.184375
0 0.3203125 0.3328125 0.0984375 0.121875
0 0.2375 0.2609375 0.0921875 0.121875
0 0.303125 0.2203125 0.084375 0.1015625
0 0.3328125 0.1765625 0.078125 0.10625
0 0.38203125 0.271875 0.08125 0.10625
0 0.4203125 0.228125 0.0703125 0.0890625
0 0.47578125 0.346875 0.09375 0.1203125
0 0.5125 0.3046875 0.0796875 0.0921875
0 0.43828125 0.184375 0.065625 0.0765625
0 0.34453125 0.0671875 0.0765625 0.11875
0 0.4265625 0.115625 0.05 0.065625
0 0.4078125 0.09296875 0.05 0.0640625
0 0.30390625 0.0375 0.05 0.0625