0 0.0734375 0.74765625 0.1328125 0.165625
0 0.29296875 0.6078125 0.0859375 0.08046875
0 0.35234375 0.740625 0.121875 0.18515625
0 0.42421875 0.5109375 0.04609375 0.1109375
0 0.40390625 0.40703125 0.03828125 0.0546875
0 0.38828125 0.35546875 0.02578125 0.0453125
0 0.41640625 0.325 0.01953125 0.03046875
0 0.4359375 0.35859375 0.021875 0.02734375
0 0.453125 0.42421875 0.034375 0.08359375
0 0.47734375 0.359375 0.02421875 0.03671875
0 0.45078125 0.325 0.0171875 0.03984375
0 0.4859375 0.3140625 0.0125 0.02421875
0 0.715625 0.571875 0.096875 0.13359375
0 0.653125 0.45078125 0.05234375 0.06953125
0 0.61484375 0.38671875 0.034375 0.0640625
0 0.63828125 0.34375 0.02421875 0.059375
0 0.5453125 0.33359375 0.025 0.03984375
0 0.5828125 0.33828125 0.03046875 0.03671875