0 0.6671875 0.67890625 0.075 0.13125
0 0.24296875 0.65390625 0.1140625 0.1625
0 0.15859375 0.590625 0.3078125 0.3390625
0 0.02265625 0.88203125 0.0453125 0.2046875
0 0.4171875 0.47734375 0.0484375 0.0609375
0 0.359375 0.4640625 0.0453125 0.0609375
0 0.35 0.41875 0.040625 0.046875
0 0.41640625 0.4125 0.034375 0.040625
0 0.3859375 0.39375 0.03125 0.04375
0 0.4203125 0.371875 0.0296875 0.0390625
0 0.45078125 0.384375 0.0265625 0.0375
0 0.48671875 0.38828125 0.025 0.0359375
0 0.58828125 0.46328125 0.0359375 0.05
0 0.64921875 0.4125 0.028125 0.046875
0 0.646875 0.34921875 0.0359375 0.0765625
0 0.58046875 0.34765625 0.021875 0.0296875