0 0.58984375 0.79453125 0.1390625 0.184375
0 0.43203125 0.58125 0.0796875 0.11875
0 0.09140625 0.83828125 0.1828125 0.2140625
0 0.1953125 0.63984375 0.1125 0.1703125
0 0.2640625 0.52265625 0.128125 0.1484375
0 0.36171875 0.54453125 0.0625 0.10625
0 0.4296875 0.4421875 0.09375 0.1703125
0 0.5703125 0.65859375 0.08125 0.0828125
0 0.56640625 0.5875 0.0625 0.0640625
0 0.6625 0.55234375 0.1421875 0.271875
0 0.83359375 0.91796875 0.2171875 0.1640625
0 0.81015625 0.75078125 0.1125 0.1109375
0 0.9265625 0.76171875 0.0984375 0.1828125
0 0.73125 0.5984375 0.0546875 0.075
0 0.809375 0.65703125 0.065625 0.0625