0 0.31796875 0.784375 0.0875 0.1359375
0 0.1875 0.83125 0.090625 0.1421875
0 0.52109375 0.93203125 0.1109375 0.1359375
0 0.43359375 0.64453125 0.0703125 0.1484375
0 0.3921875 0.58125 0.0453125 0.0734375
0 0.29609375 0.5859375 0.05625 0.1
0 0.215625 0.58359375 0.0484375 0.0671875
0 0.334375 0.54375 0.046875 0.0609375
0 0.49140625 0.553125 0.05 0.0671875
0 0.54453125 0.609375 0.05625 0.084375
0 0.51640625 0.51640625 0.0421875 0.0671875
0 0.6953125 0.54765625 0.0328125 0.0546875
0 0.89140625 0.84140625 0.121875 0.15625
0 0.715625 0.48125 0.05 0.05625
0 0.75703125 0.46953125 0.0453125 0.053125
0 0.55078125 0.50703125 0.0390625 0.0546875