0 0.434375 0.9046875 0.084375 0.115625
0 0.3 0.7015625 0.0703125 0.10625
0 0.3875 0.6953125 0.046875 0.0609375
0 0.44453125 0.703125 0.0484375 0.0625
0 0.33828125 0.6390625 0.059375 0.096875
0 0.45625 0.63671875 0.03125 0.0453125
0 0.79375 0.928125 0.09375 0.0953125
0 0.6578125 0.9421875 0.090625 0.0953125
0 0.61796875 0.871875 0.0734375 0.09375
0 0.7515625 0.85703125 0.0828125 0.0953125
0 0.76953125 0.78125 0.08125 0.090625
0 0.68984375 0.7640625 0.0625 0.0765625
0 0.60859375 0.78828125 0.0578125 0.075
0 0.58671875 0.72421875 0.05 0.0671875
0 0.665625 0.7140625 0.0484375 0.065625
0 0.7671875 0.709375 0.0578125 0.05625
0 0.734375 0.69375 0.0421875 0.0578125
0 0.62890625 0.61875 0.0828125 0.1546875
0 0.71953125 0.66484375 0.040625 0.05625