0 0.9703125 0.89765625 0.059375 0.0828125
0 0.8390625 0.7734375 0.109375 0.18125
0 0.921875 0.77734375 0.06875 0.1015625
0 0.88203125 0.6734375 0.0546875 0.0765625
0 0.84140625 0.64453125 0.05 0.0765625
0 0.7953125 0.6046875 0.05625 0.075
0 0.72265625 0.62109375 0.0453125 0.075
0 0.55390625 0.60078125 0.05625 0.08125
0 0.36328125 0.73515625 0.053125 0.078125
0 0.26875 0.74140625 0.0703125 0.096875
0 0.62265625 0.5234375 0.046875 0.065625
0 0.1984375 0.67578125 0.0390625 0.0546875
0 0.52265625 0.4546875 0.0578125 0.10625