0 0.6796875 0.8 0.1328125 0.1859375
0 0.51328125 0.74296875 0.121875 0.1765625
0 0.58046875 0.44765625 0.0625 0.078125
0 0.6640625 0.378125 0.0421875 0.0515625
0 0.69609375 0.41640625 0.0421875 0.0625
0 0.09453125 0.71484375 0.1890625 0.2359375
0 0.05 0.54765625 0.1 0.1921875
0 0.2640625 0.49140625 0.1171875 0.1328125
0 0.34296875 0.52265625 0.1046875 0.134375
0 0.43046875 0.4515625 0.0875 0.103125
0 0.24921875 0.43359375 0.0859375 0.096875
0 0.409375 0.4046875 0.059375 0.0703125
0 0.51484375 0.39375 0.0515625 0.065625