0 0.5953125 0.62265625 0.0859375 0.1265625
0 0.67421875 0.496875 0.0625 0.090625
0 0.6578125 0.4015625 0.04375 0.0546875
0 0.63984375 0.3375 0.0296875 0.0484375
0 0.56953125 0.35234375 0.034375 0.0453125
0 0.2765625 0.7296875 0.14375 0.209375
0 0.221875 0.6546875 0.1359375 0.175
0 0.15546875 0.63515625 0.1375 0.1578125
0 0.28125 0.53046875 0.078125 0.0875
0 0.35234375 0.52109375 0.06875 0.0828125
0 0.3875 0.58359375 0.0765625 0.1078125
0 0.446875 0.47734375 0.05 0.06875
0 0.34921875 0.45703125 0.0578125 0.0765625
0 0.4203125 0.4296875 0.0484375 0.0625
0 0.47578125 0.41640625 0.05 0.053125
0 0.4453125 0.39609375 0.0421875 0.05625