0 0.6640625 0.68671875 0.0796875 0.1296875
0 0.259375 0.634375 0.1203125 0.1625
0 0.18359375 0.56875 0.315625 0.34375
0 0.03046875 0.84296875 0.0609375 0.2203125
0 0.4390625 0.478125 0.0515625 0.0609375
0 0.38359375 0.46015625 0.0484375 0.0625
0 0.37734375 0.41640625 0.0421875 0.046875
0 0.44140625 0.415625 0.0359375 0.0421875
0 0.41328125 0.3953125 0.0328125 0.04375
0 0.4484375 0.3765625 0.03125 0.0390625
0 0.4765625 0.390625 0.028125 0.0375
0 0.5109375 0.39765625 0.0265625 0.0359375
0 0.603125 0.47578125 0.0375 0.05
0 0.665625 0.43046875 0.0296875 0.046875
0 0.66640625 0.3703125 0.0390625 0.075
0 0.60390625 0.36484375 0.021875 0.0296875