0 0.80703125 0.840625 0.1140625 0.1453125
0 0.7890625 0.71640625 0.075 0.1015625
0 0.640625 0.8140625 0.075 0.1
0 0.703125 0.72421875 0.0640625 0.0765625
0 0.66953125 0.68515625 0.0515625 0.065625
0 0.58984375 0.728125 0.05625 0.078125
0 0.6921875 0.63046875 0.0515625 0.065625
0 0.63984375 0.58828125 0.0359375 0.05
0 0.55703125 0.61640625 0.0375 0.0484375
0 0.5359375 0.59375 0.03125 0.0421875
0 0.61875 0.5609375 0.0328125 0.05
0 0.45390625 0.978125 0.0953125 0.04375
0 0.20390625 0.94375 0.0984375 0.1125
0 0.32890625 0.946875 0.0984375 0.10625
0 0.23984375 0.81640625 0.1375 0.190625
0 0.35703125 0.8671875 0.078125 0.0953125
0 0.465625 0.903125 0.0859375 0.1015625
0 0.46953125 0.78359375 0.0640625 0.078125
0 0.37421875 0.79765625 0.0671875 0.0921875
0 0.3234375 0.76015625 0.05 0.0640625
0 0.38671875 0.7453125 0.0515625 0.059375
0 0.46640625 0.7109375 0.0578125 0.0796875
0 0.396875 0.6953125 0.0484375 0.0640625