0 0.246875 0.740625 0.0625 0.0875
0 0.41796875 0.63203125 0.04375 0.0625
0 0.35 0.6140625 0.0453125 0.0640625
0 0.4078125 0.55546875 0.0359375 0.0546875
0 0.7359375 0.86171875 0.0875 0.1359375
0 0.76171875 0.7421875 0.0703125 0.10625
0 0.865625 0.73671875 0.06875 0.0921875
0 0.6515625 0.7140625 0.0578125 0.078125
0 0.7359375 0.64765625 0.0515625 0.0953125
0 0.628125 0.64296875 0.05 0.0671875
0 0.7078125 0.60625 0.0390625 0.0640625
0 0.765625 0.5484375 0.065625 0.1421875
0 0.63359375 0.55546875 0.034375 0.05
0 0.728125 0.5546875 0.025 0.0453125
0 0.946875 0.81484375 0.096875 0.3703125