0 0.25234375 0.90703125 0.1578125 0.1859375
0 0.17109375 0.94921875 0.0734375 0.1015625
0 0.18828125 0.825 0.0703125 0.0796875
0 0.21171875 0.77265625 0.06875 0.0921875
0 0.25078125 0.72578125 0.0671875 0.0765625
0 0.321875 0.7234375 0.059375 0.078125
0 0.48046875 0.6421875 0.071875 0.0859375
0 0.38671875 0.58359375 0.0578125 0.071875
0 0.46484375 0.48125 0.0859375 0.128125
0 0.528125 0.51015625 0.05625 0.0625
0 0.72265625 0.6484375 0.0578125 0.078125
0 0.81171875 0.63203125 0.0828125 0.1
0 0.85625 0.54375 0.0453125 0.053125