0 0.23359375 0.83828125 0.0765625 0.10625
0 0.3234375 0.9234375 0.0890625 0.13125
0 0.390625 0.7484375 0.0578125 0.0796875
0 0.4125 0.68125 0.04375 0.0609375
0 0.3625 0.646875 0.040625 0.0546875
0 0.80859375 0.87265625 0.1359375 0.2421875
0 0.8703125 0.9796875 0.096875 0.040625
0 0.71875 0.9890625 0.1 0.021875
0 0.58671875 0.990625 0.0859375 0.01875
0 0.69375 0.93828125 0.0875 0.1234375
0 0.553125 0.88203125 0.078125 0.096875
0 0.653125 0.86015625 0.06875 0.084375
0 0.74296875 0.83671875 0.0484375 0.0890625
0 0.71640625 0.7453125 0.0890625 0.146875
0 0.6359375 0.8078125 0.065625 0.0828125
0 0.528125 0.80703125 0.0578125 0.084375
0 0.62421875 0.753125 0.0546875 0.0703125
0 0.5390625 0.76640625 0.0515625 0.0671875