0 0.17890625 0.925 0.2265625 0.15
0 0.28671875 0.6234375 0.140625 0.15625
0 0.17109375 0.5859375 0.1234375 0.11875
0 0.2390625 0.4703125 0.0828125 0.090625
0 0.3140625 0.48125 0.1078125 0.10625
0 0.35078125 0.35078125 0.06875 0.0734375
0 0.29375 0.33203125 0.0578125 0.065625
0 0.36640625 0.2828125 0.059375 0.0515625
0 0.44921875 0.759375 0.165625 0.1578125
0 0.46015625 0.63671875 0.1453125 0.134375
0 0.66328125 0.6390625 0.140625 0.13125
0 0.74765625 0.7859375 0.23125 0.2109375
0 0.92578125 0.67109375 0.1484375 0.1546875
0 0.803125 0.5375 0.1421875 0.121875
0 0.73203125 0.45234375 0.121875 0.1078125
0 0.6 0.4765625 0.1109375 0.096875
0 0.5765625 0.43046875 0.0984375 0.0859375
0 0.55078125 0.3625 0.1 0.1359375
0 0.6546875 0.365625 0.0859375 0.08125
0 0.61875 0.321875 0.071875 0.0625
0 0.7828125 0.33359375 0.0828125 0.071875
0 0.95 0.43046875 0.1 0.0984375
0 0.72265625 0.2984375 0.0703125 0.053125