0 0.87421875 0.87890625 0.1984375 0.2421875
0 0.7109375 0.9578125 0.1 0.084375
0 0.5671875 0.984375 0.084375 0.03125
0 0.5640625 0.82421875 0.08125 0.1578125
0 0.6640625 0.83984375 0.0640625 0.08125
0 0.75546875 0.8421875 0.075 0.1
0 0.71953125 0.79375 0.0625 0.090625
0 0.709375 0.73984375 0.0671875 0.0921875
0 0.62734375 0.775 0.0546875 0.0703125
0 0.62734375 0.728125 0.040625 0.0390625
0 0.2796875 0.778125 0.0640625 0.096875
0 0.23125 0.72890625 0.0515625 0.078125
0 0.4046875 0.75546875 0.05625 0.084375
0 0.42734375 0.6875 0.0421875 0.05625
0 0.3890625 0.63203125 0.040625 0.0515625
0 0.44609375 0.6359375 0.034375 0.0421875