0 0.0953125 0.5328125 0.1578125 0.1453125
0 0.31484375 0.86875 0.215625 0.20625
0 0.61953125 0.6953125 0.15 0.14375
0 0.43515625 0.6109375 0.14375 0.1375
0 0.31015625 0.47734375 0.125 0.1171875
0 0.86640625 0.9046875 0.1640625 0.1859375
0 0.81328125 0.71171875 0.190625 0.1671875
0 0.60859375 0.575 0.134375 0.1109375
0 0.61640625 0.46171875 0.125 0.1828125
0 0.7234375 0.50859375 0.1109375 0.103125
0 0.90625 0.525 0.109375 0.096875
0 0.8328125 0.4453125 0.0828125 0.0734375
0 0.86484375 0.39921875 0.0703125 0.0625
0 0.46640625 0.46796875 0.1046875 0.0859375
0 0.48671875 0.41875 0.0953125 0.0796875
0 0.38359375 0.3765625 0.0984375 0.0984375
0 0.284375 0.3484375 0.0875 0.0875
0 0.34296875 0.28984375 0.0703125 0.0703125
0 0.41484375 0.30625 0.0734375 0.071875