0 0.86953125 0.8921875 0.1421875 0.2046875
0 0.9375 0.8984375 0.0359375 0.10625
0 0.9171875 0.7765625 0.0625 0.08125
0 0.8828125 0.72265625 0.0609375 0.0921875
0 0.8390625 0.66953125 0.0546875 0.084375
0 0.7671875 0.684375 0.053125 0.06875
0 0.58984375 0.62890625 0.0671875 0.0859375
0 0.68125 0.54375 0.053125 0.06875
0 0.5859375 0.44921875 0.075 0.121875
0 0.31015625 0.93984375 0.0859375 0.0859375
0 0.33359375 0.6203125 0.05625 0.090625
0 0.2421875 0.61640625 0.0765625 0.109375
0 0.5234375 0.4765625 0.0453125 0.0640625