0 0.45859375 0.9140625 0.1765625 0.171875
0 0.1703125 0.98671875 0.1625 0.0265625
0 0.08984375 0.7984375 0.1078125 0.159375
0 0.1953125 0.5453125 0.1171875 0.13125
0 0.05 0.59609375 0.1 0.1390625
0 0.0546875 0.47890625 0.0890625 0.115625
0 0.0171875 0.3640625 0.034375 0.08125
0 0.07578125 0.41015625 0.075 0.103125
0 0.10546875 0.35234375 0.0765625 0.0953125
0 0.05625 0.31484375 0.0703125 0.0796875
0 0.19140625 0.3734375 0.08125 0.09375
0 0.209375 0.325 0.0734375 0.0921875
0 0.11796875 0.23359375 0.1015625 0.1390625
0 0.20390625 0.23828125 0.071875 0.0953125
0 0.26796875 0.23515625 0.0625 0.075
0 0.221875 0.1859375 0.0921875 0.115625
0 0.715625 0.4515625 0.1234375 0.15625
0 0.84140625 0.2984375 0.190625 0.3140625
0 0.6078125 0.33046875 0.09375 0.1203125
0 0.51953125 0.390625 0.1046875 0.14375
0 0.46015625 0.3453125 0.0984375 0.1125
0 0.440625 0.271875 0.0734375 0.0875
0 0.5625 0.23984375 0.0640625 0.0921875
0 0.63515625 0.11484375 0.1171875 0.2296875
0 0.55078125 0.16640625 0.0625 0.071875
0 0.49375 0.13984375 0.0578125 0.0796875