0 0.35234375 0.69453125 0.1 0.1421875
0 0.4953125 0.64921875 0.0921875 0.125
0 0.39296875 0.3859375 0.0703125 0.1265625
0 0.83359375 0.9265625 0.2015625 0.146875
0 0.76484375 0.6828125 0.13125 0.159375
0 0.8515625 0.653125 0.2296875 0.2390625
0 0.740625 0.55390625 0.0828125 0.0921875
0 0.67734375 0.56953125 0.0734375 0.0796875
0 0.63828125 0.6375 0.0859375 0.1078125
0 0.60546875 0.56015625 0.0640625 0.0765625
0 0.6796875 0.5015625 0.0640625 0.0671875
0 0.55703125 0.49375 0.053125 0.0640625
0 0.590625 0.4515625 0.046875 0.0578125
0 0.63515625 0.45234375 0.05 0.0671875
0 0.5328125 0.4421875 0.0390625 0.0515625
0 0.56171875 0.41015625 0.0359375 0.0484375
0 0.5875 0.3640625 0.0671875 0.0921875
0 0.60625 0.428125 0.0359375 0.0375