0 0.225 0.53359375 0.14140625 0.17578125
0 0.40703125 0.50625 0.12109375 0.1578125
0 0.40234375 0.3734375 0.1328125 0.09609375
0 0.22421875 0.34609375 0.13984375 0.1125
0 0.2796875 0.203125 0.06640625 0.0734375
0 0.40234375 0.184375 0.059375 0.06640625
0 0.49765625 0.10078125 0.0546875 0.06015625
0 0.584375 0.06171875 0.05 0.0390625
0 0.690625 0.271875 0.08671875 0.16796875
0 0.7578125 0.23203125 0.02890625 0.0828125
0 0.81953125 0.1546875 0.06328125 0.06640625
0 0.8546875 0.0515625 0.0703125 0.0703125
0 0.83125 0.56328125 0.13671875 0.12421875