0 0.8703125 0.85078125 0.0890625 0.1265625
0 0.596875 0.7828125 0.0625 0.1
0 0.66484375 0.7078125 0.053125 0.0765625
0 0.578125 0.67890625 0.04375 0.071875
0 0.65859375 0.634375 0.04375 0.059375
0 0.5578125 0.63046875 0.040625 0.065625
0 0.60390625 0.60546875 0.0359375 0.0625
0 0.4171875 0.73203125 0.059375 0.09375
0 0.30859375 0.7296875 0.071875 0.14375
0 0.2109375 0.74296875 0.0640625 0.103125
0 0.28203125 0.64765625 0.046875 0.06875
0 0.421875 0.6453125 0.04375 0.05625
0 0.3796875 0.59765625 0.03125 0.05
0 0.34296875 0.57421875 0.03125 0.0484375
0 0.44453125 0.5765625 0.028125 0.034375