0 0.384375 0.74609375 0.10625 0.159375
0 0.56796875 0.57265625 0.05859375 0.10390625
0 0.8671875 0.89296875 0.190625 0.2140625
0 0.78046875 0.66640625 0.08125 0.15
0 0.7359375 0.5453125 0.1015625 0.12578125
0 0.63984375 0.55 0.04375 0.0953125
0 0.59296875 0.44296875 0.06328125 0.153125
0 0.425 0.621875 0.06640625 0.0671875
0 0.44140625 0.55703125 0.0515625 0.05390625
0 0.35625 0.5078125 0.09375 0.246875
0 0.1125 0.878125 0.20625 0.24375
0 0.18515625 0.66875 0.09296875 0.090625
0 0.053125 0.66015625 0.10546875 0.1640625
0 0.284375 0.5390625 0.0421875 0.0640625
0 0.20078125 0.58125 0.05390625 0.05078125