0 0.428125 0.56015625 0.2484375 0.2
0 0.753125 0.55703125 0.271875 0.17578125
0 0.62578125 0.83671875 0.3765625 0.20546875
0 0.55234375 0.38671875 0.21328125 0.1109375
0 0.84609375 0.41953125 0.23203125 0.09296875
0 0.39609375 0.2765625 0.1125 0.10078125
0 0.25546875 0.29921875 0.1171875 0.09921875
0 0.71796875 0.3203125 0.1421875 0.090625
0 0.84453125 0.26328125 0.10625 0.07421875
0 0.94765625 0.31640625 0.1046875 0.09140625
0 0.753125 0.19921875 0.1046875 0.06953125
0 0.3015625 0.20625 0.0796875 0.0578125
0 0.425 0.1875 0.0796875 0.05
0 0.21640625 0.23984375 0.07109375 0.0328125
0 0.16484375 0.1828125 0.0734375 0.03671875
0 0.2625 0.16171875 0.07109375 0.03984375