0 0.1578125 0.90078125 0.1078125 0.1078125
0 0.36484375 0.803125 0.0765625 0.1015625
0 0.2890625 0.75859375 0.075 0.0984375
0 0.3515625 0.67265625 0.0609375 0.08125
0 0.4125 0.75703125 0.065625 0.0921875
0 0.43046875 0.68828125 0.0625 0.06875
0 0.3828125 0.64296875 0.046875 0.0625
0 0.578125 0.734375 0.059375 0.0765625
0 0.86640625 0.94375 0.1109375 0.1125
0 0.77109375 0.81328125 0.0765625 0.0953125
0 0.5796875 0.66953125 0.0453125 0.0625
0 0.68125 0.63203125 0.0359375 0.05
0 0.6765625 0.58671875 0.05 0.0796875
0 0.62421875 0.6046875 0.034375 0.05
0 0.58125 0.590625 0.03125 0.0390625
0 0.46328125 0.63671875 0.05 0.0625
0 0.35234375 0.58828125 0.0421875 0.053125
0 0.39453125 0.5328125 0.0703125 0.1078125
0 0.43671875 0.5828125 0.034375 0.05
0 0.48515625 0.5875 0.0375 0.0484375