0 0.571875 0.56015625 0.2484375 0.2
0 0.246875 0.55703125 0.271875 0.17578125
0 0.37421875 0.83671875 0.3765625 0.20546875
0 0.44765625 0.38671875 0.21328125 0.1109375
0 0.15390625 0.41953125 0.23203125 0.09296875
0 0.60390625 0.2765625 0.1125 0.10078125
0 0.74453125 0.29921875 0.1171875 0.09921875
0 0.28203125 0.3203125 0.1421875 0.090625
0 0.15546875 0.26328125 0.10625 0.07421875
0 0.05234375 0.31640625 0.1046875 0.09140625
0 0.246875 0.19921875 0.1046875 0.06953125
0 0.6984375 0.20625 0.0796875 0.0578125
0 0.575 0.1875 0.0796875 0.05
0 0.78359375 0.23984375 0.07109375 0.0328125
0 0.83515625 0.1828125 0.0734375 0.03671875
0 0.7375 0.16171875 0.07109375 0.03984375