0 0.4171875 0.84453125 0.1453125 0.2015625
0 0.12734375 0.8921875 0.1625 0.175
0 0.0515625 0.6953125 0.103125 0.165625
0 0.10625 0.6234375 0.115625 0.1421875
0 0.275 0.425 0.096875 0.1109375
0 0.13046875 0.4359375 0.0890625 0.121875
0 0.16640625 0.33359375 0.071875 0.1
0 0.059375 0.3109375 0.075 0.1046875
0 0.14609375 0.21953125 0.0546875 0.0703125
0 0.20078125 0.278125 0.059375 0.090625
0 0.240625 0.2328125 0.0625 0.08125
0 0.20625 0.18828125 0.0578125 0.06875
0 0.3125 0.271875 0.065625 0.0796875
0 0.33984375 0.2328125 0.059375 0.0796875
0 0.2796875 0.13046875 0.0796875 0.121875
0 0.35546875 0.1546875 0.0578125 0.0828125
0 0.41328125 0.1671875 0.0515625 0.0640625
0 0.38359375 0.1125 0.075 0.0984375
0 0.76015625 0.465625 0.0984375 0.134375
0 0.90703125 0.36015625 0.14375 0.278125
0 0.69296875 0.3328125 0.075 0.103125
0 0.59921875 0.3640625 0.0828125 0.125
0 0.5578125 0.31171875 0.0796875 0.096875
0 0.5578125 0.240625 0.059375 0.075
0 0.67421875 0.24140625 0.05 0.0796875
0 0.76875 0.14375 0.0828125 0.2171875
0 0.68046875 0.1734375 0.0515625 0.0625
0 0.63671875 0.13671875 0.0453125 0.06875