0 0.209375 0.5203125 0.1640625 0.1984375
0 0.40703125 0.50546875 0.1421875 0.178125
0 0.41171875 0.3625 0.15 0.1125
0 0.22265625 0.31875 0.1578125 0.13125
0 0.29296875 0.16953125 0.0765625 0.084375
0 0.425 0.15859375 0.06875 0.075
0 0.534375 0.07578125 0.0625 0.06875
0 0.6296875 0.03984375 0.05625 0.0453125
0 0.728125 0.27421875 0.1046875 0.1875
0 0.80390625 0.2359375 0.0375 0.090625
0 0.875 0.1578125 0.0734375 0.075
0 0.91875 0.0578125 0.0796875 0.0640625
0 0.85703125 0.59765625 0.15625 0.14375