0 0.23828125 0.9046875 0.1609375 0.190625
0 0.15546875 0.9484375 0.0765625 0.103125
0 0.17265625 0.821875 0.071875 0.08125
0 0.196875 0.7671875 0.071875 0.0953125
0 0.2375 0.71953125 0.06875 0.078125
0 0.31015625 0.71640625 0.0625 0.0796875
0 0.47265625 0.63359375 0.0734375 0.0875
0 0.3765625 0.5734375 0.059375 0.0734375
0 0.45703125 0.46796875 0.0875 0.1328125
0 0.52265625 0.49765625 0.0578125 0.0640625
0 0.72265625 0.63984375 0.059375 0.0796875
0 0.81328125 0.6234375 0.0859375 0.103125
0 0.86015625 0.5328125 0.046875 0.0546875