0 0.71171875 0.8609375 0.1359375 0.19375
0 0.796875 0.9859375 0.084375 0.028125
0 0.790625 0.890625 0.0734375 0.0953125
0 0.7875 0.7921875 0.0578125 0.071875
0 0.76015625 0.7484375 0.053125 0.0765625
0 0.7265625 0.696875 0.0546875 0.071875
0 0.65234375 0.68359375 0.0484375 0.06875
0 0.5 0.61484375 0.059375 0.084375
0 0.5890625 0.565625 0.05 0.0625
0 0.2796875 0.7078125 0.0609375 0.084375
0 0.184375 0.6828125 0.08125 0.1125
0 0.1375 0.59375 0.053125 0.065625
0 0.51640625 0.4765625 0.071875 0.1203125