0 0.2453125 0.7546875 0.0578125 0.0796875
0 0.40234375 0.659375 0.040625 0.0578125
0 0.340625 0.6421875 0.0421875 0.059375
0 0.39453125 0.58984375 0.034375 0.05
0 0.6859375 0.871875 0.08125 0.125
0 0.71171875 0.7640625 0.065625 0.096875
0 0.80546875 0.76015625 0.0640625 0.084375
0 0.61171875 0.73671875 0.053125 0.071875
0 0.6890625 0.67734375 0.046875 0.0859375
0 0.5921875 0.67109375 0.0453125 0.0609375
0 0.665625 0.640625 0.0375 0.0578125
0 0.71796875 0.5890625 0.0609375 0.1296875
0 0.59765625 0.59296875 0.03125 0.0453125
0 0.68359375 0.59375 0.021875 0.0421875
0 0.91171875 0.8328125 0.1609375 0.334375