0 0.7484375 0.79765625 0.06484375 0.09140625
0 0.68359375 0.671875 0.0828125 0.13828125
0 0.24921875 0.940625 0.11796875 0.11796875
0 0.20859375 0.834375 0.071875 0.06875
0 0.07109375 0.80078125 0.07734375 0.07890625
0 0.1484375 0.7453125 0.04765625 0.0703125
0 0.28359375 0.76796875 0.059375 0.0578125
0 0.3 0.69765625 0.03828125 0.03828125
0 0.2828125 0.66171875 0.04140625 0.04296875
0 0.3671875 0.6578125 0.0421875 0.04296875
0 0.446875 0.65234375 0.025 0.03828125
0 0.4078125 0.6359375 0.0203125 0.03671875
0 0.43203125 0.60703125 0.0171875 0.02421875
0 0.6734375 0.56875 0.0296875 0.0625
0 0.8421875 0.7328125 0.10546875 0.14140625
0 0.95078125 0.79921875 0.06484375 0.07890625
0 0.9125 0.71875 0.034375 0.06875
0 0.775 0.65546875 0.01484375 0.02265625
0 0.75 0.61953125 0.01484375 0.02421875
0 0.80546875 0.63203125 0.02265625 0.01953125
0 0.7765625 0.59296875 0.01484375 0.02265625
0 0.50859375 0.5828125 0.0296875 0.01796875