0 0.65625 0.70234375 0.1390625 0.1875
0 0.87421875 0.88203125 0.165625 0.1765625
0 0.90703125 0.7609375 0.1453125 0.1953125
0 0.94609375 0.6 0.1078125 0.15
0 0.89765625 0.5375 0.1109375 0.146875
0 0.8578125 0.38671875 0.084375 0.125
0 0.91953125 0.27265625 0.0734375 0.1015625
0 0.8125 0.29453125 0.06875 0.1
0 0.7234375 0.3703125 0.084375 0.109375
0 0.77421875 0.2484375 0.0609375 0.0859375
0 0.66953125 0.25 0.065625 0.0859375
0 0.6359375 0.21171875 0.053125 0.0703125
0 0.82109375 0.1921875 0.059375 0.078125
0 0.76484375 0.16875 0.046875 0.065625
0 0.68828125 0.1125 0.0765625 0.1109375
0 0.6140625 0.14375 0.0546875 0.0765625
0 0.5890625 0.09921875 0.0640625 0.103125
0 0.55390625 0.1546875 0.046875 0.0609375
0 0.184375 0.5390625 0.1109375 0.15
0 0.06875 0.4203125 0.1375 0.278125
0 0.37578125 0.41875 0.09375 0.14375
0 0.29140625 0.36953125 0.0796875 0.1015625
0 0.43359375 0.3578125 0.08125 0.1140625
0 0.4453125 0.26640625 0.0609375 0.08125
0 0.32578125 0.27265625 0.059375 0.0875
0 0.228125 0.16640625 0.0984375 0.2265625
0 0.3265625 0.2046875 0.0578125 0.06875
0 0.38125 0.159375 0.0453125 0.0734375
0 0.33984375 0.1328125 0.0375 0.0671875
0 0.278125 0.1390625 0.04375 0.065625
0 0.15546875 0.12734375 0.0375 0.053125