0 0.2515625 0.79765625 0.06484375 0.09140625
0 0.31640625 0.671875 0.0828125 0.13828125
0 0.75078125 0.940625 0.11796875 0.11796875
0 0.79140625 0.834375 0.071875 0.06875
0 0.92890625 0.80078125 0.07734375 0.07890625
0 0.8515625 0.7453125 0.04765625 0.0703125
0 0.71640625 0.76796875 0.059375 0.0578125
0 0.7 0.69765625 0.03828125 0.03828125
0 0.7171875 0.66171875 0.04140625 0.04296875
0 0.6328125 0.6578125 0.0421875 0.04296875
0 0.553125 0.65234375 0.025 0.03828125
0 0.5921875 0.6359375 0.0203125 0.03671875
0 0.56796875 0.60703125 0.0171875 0.02421875
0 0.3265625 0.56875 0.0296875 0.0625
0 0.1578125 0.7328125 0.10546875 0.14140625
0 0.04921875 0.79921875 0.06484375 0.07890625
0 0.0875 0.71875 0.034375 0.06875
0 0.225 0.65546875 0.01484375 0.02265625
0 0.25 0.61953125 0.01484375 0.02421875
0 0.19453125 0.63203125 0.02265625 0.01953125
0 0.2234375 0.59296875 0.01484375 0.02265625
0 0.49140625 0.5828125 0.0296875 0.01796875