0 0.178125 0.8109375 0.2140625 0.1921875
0 0.54375 0.90625 0.2875 0.1875
0 0.815625 0.884375 0.240625 0.23125
0 0.890625 0.7453125 0.15 0.1515625
0 0.70625 0.62109375 0.140625 0.146875
0 0.79921875 0.57109375 0.1109375 0.11875
0 0.87109375 0.40625 0.06875 0.0640625
0 0.65625 0.41015625 0.0828125 0.0796875
0 0.7234375 0.39140625 0.0703125 0.065625
0 0.5359375 0.6296875 0.1296875 0.125
0 0.52890625 0.55 0.1171875 0.1125
0 0.3203125 0.615625 0.1734375 0.1578125
0 0.15390625 0.5328125 0.146875 0.13125
0 0.375 0.515625 0.128125 0.109375
0 0.2546875 0.4453125 0.1171875 0.096875
0 0.30703125 0.39375 0.103125 0.1
0 0.42109375 0.41171875 0.0921875 0.0828125
0 0.51015625 0.459375 0.1 0.0921875
0 0.55625 0.353125 0.0703125 0.05625
0 0.3671875 0.321875 0.08125 0.06875
0 0.1328125 0.35234375 0.0921875 0.0734375
0 0.25625 0.29453125 0.06875 0.0609375