0 0.12109375 0.7828125 0.2 0.290625
0 0.15234375 0.5609375 0.128125 0.1625
0 0.078125 0.47109375 0.1015625 0.128125
0 0.24140625 0.421875 0.10625 0.1265625
0 0.165625 0.3828125 0.0953125 0.11875
0 0.19453125 0.309375 0.090625 0.121875
0 0.3046875 0.3328125 0.09375 0.1140625
0 0.34375 0.5 0.125 0.153125
0 0.40625 0.40703125 0.0984375 0.1140625
0 0.44609375 0.3 0.084375 0.103125
0 0.40859375 0.34140625 0.0890625 0.1140625
0 0.325 0.26796875 0.078125 0.1046875
0 0.20390625 0.16484375 0.0875 0.1375
0 0.3203125 0.18984375 0.0625 0.0765625
0 0.26171875 0.096875 0.05 0.065625
0 0.77109375 0.178125 0.0734375 0.0859375
0 0.65 0.17734375 0.071875 0.071875
0 0.69140625 0.1375 0.0625 0.075
0 0.58984375 0.1421875 0.065625 0.0796875
0 0.703125 0.09375 0.0640625 0.075
0 0.63125 0.1078125 0.05625 0.0703125
0 0.64296875 0.07421875 0.0484375 0.059375
0 0.55625 0.05859375 0.0484375 0.0625