0 0.759375 0.61171875 0.2453125 0.3265625
0 0.3859375 0.8859375 0.35625 0.228125
0 0.43828125 0.53125 0.25625 0.228125
0 0.45859375 0.334375 0.2484375 0.1671875
0 0.128125 0.34453125 0.2453125 0.20625
0 0.2296875 0.16640625 0.2078125 0.134375
0 0.48515625 0.209375 0.1703125 0.11875
0 0.7546875 0.26640625 0.15 0.1109375
0 0.7515625 0.384375 0.2 0.134375
0 0.69609375 0.15234375 0.1390625 0.1203125
0 0.4875 0.096875 0.1765625 0.1109375
0 0.91640625 0.15234375 0.15 0.1390625
0 0.28203125 0.05 0.1671875 0.096875
0 0.50859375 0.02421875 0.1328125 0.0484375
0 0.7 0.05234375 0.115625 0.0828125