0 0.81875 0.66953125 0.1171875 0.1328125
0 0.8921875 0.5984375 0.1 0.096875
0 0.79140625 0.53828125 0.0625 0.0640625
0 0.7328125 0.5859375 0.0875 0.075
0 0.67109375 0.53203125 0.0671875 0.05
0 0.6828125 0.46015625 0.0765625 0.0984375
0 0.25078125 0.63984375 0.165625 0.1890625
0 0.36171875 0.66953125 0.075 0.0953125
0 0.39140625 0.59140625 0.0515625 0.0640625
0 0.3546875 0.5453125 0.04375 0.0515625
0 0.39375 0.4765625 0.0671875 0.075
0 0.415625 0.53515625 0.03125 0.0375
0 0.43515625 0.5015625 0.03125 0.0375