0 0.37265625 0.81015625 0.10625 0.14375
0 0.2546875 0.878125 0.1109375 0.15
0 0.59765625 0.92265625 0.1296875 0.153125
0 0.46171875 0.65390625 0.0921875 0.1515625
0 0.41015625 0.6 0.05625 0.0765625
0 0.3171875 0.62109375 0.0703125 0.1046875
0 0.23828125 0.63125 0.0578125 0.071875
0 0.34765625 0.57265625 0.0546875 0.065625
0 0.50234375 0.5546875 0.059375 0.071875
0 0.5640625 0.6 0.0671875 0.0890625
0 0.52109375 0.51484375 0.053125 0.0703125
0 0.70078125 0.51484375 0.0421875 0.0578125
0 0.93515625 0.7671875 0.1296875 0.16875
0 0.70859375 0.4453125 0.0578125 0.0625
0 0.746875 0.42734375 0.0515625 0.0578125
0 0.55234375 0.5 0.0453125 0.0578125