0 0.41640625 0.85859375 0.165625 0.2328125
0 0.15390625 0.859375 0.1609375 0.2265625
0 0.11328125 0.6375 0.134375 0.1828125
0 0.2578125 0.49375 0.1046875 0.1359375
0 0.29140625 0.4109375 0.0953125 0.11875
0 0.13671875 0.36796875 0.0890625 0.11875
0 0.16328125 0.27734375 0.109375 0.171875
0 0.2921875 0.3109375 0.078125 0.1109375
0 0.3234375 0.25625 0.0671875 0.0890625
0 0.2359375 0.22578125 0.0640625 0.0734375
0 0.046875 0.28046875 0.075 0.1875
0 0.4140625 0.159375 0.05625 0.071875
0 0.38828125 0.11484375 0.05625 0.08125
0 0.38671875 0.059375 0.0953125 0.11875
0 0.47109375 0.059375 0.0796875 0.11875
0 0.56015625 0.084375 0.0484375 0.065625
0 0.61171875 0.0625 0.04375 0.05625
0 0.65625 0.03515625 0.0390625 0.0484375
0 0.878125 0.5265625 0.115625 0.14375
0 0.9 0.4015625 0.0859375 0.1265625
0 0.7078125 0.30625 0.078125 0.109375
0 0.74609375 0.14765625 0.06875 0.1421875
0 0.60859375 0.1609375 0.059375 0.0984375
0 0.66640625 0.121875 0.0453125 0.0765625
0 0.70234375 0.09453125 0.046875 0.0703125
0 0.79921875 0.11875 0.0765625 0.146875
0 0.72890625 0.0765625 0.0328125 0.0609375
0 0.8875 0.06953125 0.075 0.08125