0 0.1390625 0.93046875 0.084375 0.1203125
0 0.2515625 0.95234375 0.0875 0.0953125
0 0.4015625 0.95703125 0.084375 0.0859375
0 0.41640625 0.78203125 0.053125 0.0875
0 0.284375 0.71953125 0.046875 0.0703125
0 0.33046875 0.665625 0.034375 0.046875
0 0.4359375 0.72578125 0.04375 0.0671875
0 0.45234375 0.64765625 0.03125 0.0484375
0 0.4 0.634375 0.034375 0.0453125
0 0.42109375 0.57890625 0.040625 0.06875
0 0.4640625 0.59375 0.025 0.040625
0 0.37890625 0.5859375 0.0328125 0.046875
0 0.9109375 0.946875 0.0984375 0.09375
0 0.75546875 0.928125 0.08125 0.0953125
0 0.61484375 0.8859375 0.0703125 0.0875
0 0.64140625 0.96953125 0.0953125 0.0578125
0 0.71875 0.8578125 0.0625 0.08125
0 0.828125 0.83671875 0.0671875 0.078125
0 0.90703125 0.88046875 0.0796875 0.0625
0 0.78203125 0.784375 0.05625 0.06875
0 0.6890625 0.81015625 0.059375 0.065625
0 0.75625 0.7125 0.0859375 0.1375
0 0.58984375 0.81796875 0.0609375 0.0796875
0 0.6515625 0.74296875 0.04375 0.0640625
0 0.59140625 0.76953125 0.05 0.0515625