0 0.69453125 0.775 0.1484375 0.1953125
0 0.459375 0.6203125 0.084375 0.1265625
0 0.1859375 0.946875 0.234375 0.10625
0 0.2453125 0.7640625 0.11875 0.1796875
0 0.27109375 0.621875 0.134375 0.1578125
0 0.3765625 0.609375 0.065625 0.1125
0 0.40703125 0.48203125 0.1 0.18125
0 0.62578125 0.64609375 0.0859375 0.0859375
0 0.5953125 0.578125 0.0671875 0.06875
0 0.67890625 0.5078125 0.15 0.2890625
0 0.940625 0.8296875 0.11875 0.209375
0 0.89765625 0.65078125 0.11875 0.1171875
0 0.9828125 0.621875 0.034375 0.1875
0 0.7640625 0.528125 0.059375 0.0796875
0 0.86328125 0.55859375 0.06875 0.065625