0 0.940625 0.375 0.1171875 0.18125
0 0.73828125 0.6953125 0.165625 0.1859375
0 0.79921875 0.32734375 0.0921875 0.1171875
0 0.72265625 0.29765625 0.0875 0.115625
0 0.85234375 0.2015625 0.14375 0.259375
0 0.9125 0.13359375 0.103125 0.2671875
0 0.7375 0.14921875 0.0671875 0.08125
0 0.6734375 0.2109375 0.0765625 0.090625
0 0.628125 0.16796875 0.06875 0.0828125
0 0.6796875 0.125 0.059375 0.0734375
0 0.63984375 0.09921875 0.05625 0.0640625
0 0.24375 0.41015625 0.1 0.1296875
0 0.20546875 0.2859375 0.0828125 0.1046875
0 0.2015625 0.22265625 0.0671875 0.0796875
0 0.24375 0.14140625 0.0578125 0.071875
0 0.2078125 0.10859375 0.0546875 0.0671875
0 0.1265625 0.1140625 0.053125 0.065625
0 0.11796875 0.08125 0.0546875 0.05
0 0.50625 0.05625 0.046875 0.065625
0 0.41484375 0.04375 0.04375 0.0515625