0 0.2046875 0.85390625 0.253125 0.2921875
0 0.303125 0.73359375 0.109375 0.1828125
0 0.478125 0.91328125 0.1046875 0.1421875
0 0.36875 0.88359375 0.0859375 0.1125
0 0.39453125 0.78828125 0.0609375 0.075
0 0.4859375 0.78203125 0.0640625 0.0796875
0 0.484375 0.72734375 0.05625 0.0578125
0 0.4046875 0.74140625 0.053125 0.0734375
0 0.4125 0.69296875 0.0578125 0.075
0 0.48984375 0.684375 0.0515625 0.0609375
0 0.66875 0.8328125 0.0875 0.13125
0 0.82421875 0.80859375 0.1671875 0.284375
0 0.90078125 0.76875 0.0890625 0.1234375
0 0.690625 0.6609375 0.0625 0.08125
0 0.70546875 0.5953125 0.0421875 0.053125
0 0.59765625 0.63359375 0.046875 0.0640625
0 0.63046875 0.59296875 0.04375 0.0515625
0 0.57578125 0.6 0.0359375 0.046875
0 0.6 0.5328125 0.0578125 0.0875