0 0.59375 0.8203125 0.0546875 0.0953125
0 0.7375 0.903125 0.078125 0.11875
0 0.73359375 0.740625 0.0453125 0.06875
0 0.65390625 0.7375 0.04375 0.0609375
0 0.57109375 0.69453125 0.0390625 0.0640625
0 0.66328125 0.6484375 0.034375 0.05
0 0.234375 0.9671875 0.090625 0.0578125
0 0.40390625 0.97109375 0.078125 0.05625
0 0.4015625 0.92109375 0.071875 0.0921875
0 0.1125 0.959375 0.0734375 0.06875
0 0.1515625 0.928125 0.0734375 0.084375
0 0.17109375 0.86953125 0.071875 0.0875
0 0.284375 0.9140625 0.075 0.090625
0 0.22265625 0.8421875 0.0515625 0.0828125
0 0.33203125 0.8265625 0.0578125 0.078125
0 0.4265625 0.8265625 0.0484375 0.075
0 0.36015625 0.771875 0.0515625 0.071875