0 0.4125 0.83046875 0.1234375 0.15625
0 0.62265625 0.7796875 0.1171875 0.1515625
0 0.18359375 0.78984375 0.1125 0.1234375
0 0.171875 0.978125 0.134375 0.04375
0 0.7359375 0.6015625 0.0796875 0.0984375
0 0.8265625 0.55859375 0.0828125 0.1078125
0 0.79375 0.48359375 0.0625 0.0859375
0 0.715625 0.503125 0.065625 0.084375
0 0.61875 0.54609375 0.0703125 0.096875
0 0.6359375 0.4609375 0.05625 0.084375
0 0.71484375 0.44296875 0.0578125 0.0765625
0 0.43046875 0.5609375 0.0640625 0.0765625
0 0.315625 0.615625 0.0609375 0.084375
0 0.26171875 0.575 0.059375 0.0640625