0 0.8859375 0.7921875 0.2171875 0.3421875
0 0.7546875 0.92265625 0.0953125 0.1140625
0 0.6296875 0.95 0.096875 0.0921875
0 0.68125 0.80703125 0.06875 0.096875
0 0.6078125 0.66171875 0.0453125 0.059375
0 0.5046875 0.60703125 0.034375 0.046875
0 0.37734375 0.740625 0.059375 0.090625
0 0.31953125 0.69609375 0.05 0.0625
0 0.23046875 0.7046875 0.0578125 0.075
0 0.11640625 0.88359375 0.0796875 0.109375
0 0.3375 0.63203125 0.040625 0.05625
0 0.40546875 0.6703125 0.04375 0.0625
0 0.40078125 0.625 0.0390625 0.0515625
0 0.2828125 0.62890625 0.0421875 0.0515625
0 0.32890625 0.60390625 0.0328125 0.040625