0 0.07421875 0.575 0.1140625 0.1640625
0 0.16171875 0.36953125 0.078125 0.1125
0 0.22890625 0.28671875 0.0625 0.0984375
0 0.3375 0.2015625 0.0484375 0.0671875
0 0.315625 0.15703125 0.0453125 0.0578125
0 0.2421875 0.14453125 0.0421875 0.059375
0 0.26640625 0.1 0.040625 0.05625
0 0.1890625 0.04921875 0.0421875 0.078125
0 0.83046875 0.74296875 0.1421875 0.15
0 0.740625 0.48203125 0.0859375 0.1234375
0 0.86015625 0.334375 0.075 0.128125
0 0.87890625 0.1625 0.0984375 0.215625
0 0.7875 0.21015625 0.09375 0.1703125
0 0.709375 0.2828125 0.0625 0.0796875
0 0.67578125 0.24765625 0.053125 0.0703125
0 0.675 0.16015625 0.046875 0.0578125
0 0.61640625 0.190625 0.0515625 0.0640625
0 0.6265625 0.13828125 0.04375 0.0546875
0 0.590625 0.1125 0.0375 0.053125