0 0.6640625 0.93828125 0.2265625 0.11875
0 0.34609375 0.73515625 0.15 0.1421875
0 0.559375 0.65078125 0.1390625 0.115625
0 0.12890625 0.715625 0.18125 0.1609375
0 0.36953125 0.603125 0.121875 0.1046875
0 0.38515625 0.47734375 0.1171875 0.165625
0 0.5390625 0.50078125 0.0921875 0.071875
0 0.67734375 0.47109375 0.090625 0.084375
0 0.85625 0.55 0.128125 0.109375
0 0.72109375 0.35703125 0.071875 0.0703125
0 0.62421875 0.37265625 0.0703125 0.08125
0 0.265625 0.503125 0.09375 0.0859375
0 0.07265625 0.49140625 0.096875 0.0734375
0 0.16484375 0.4109375 0.075 0.0640625
0 0.14140625 0.35859375 0.0703125 0.0546875
0 0.3296875 0.35859375 0.0640625 0.0578125
0 0.4234375 0.3734375 0.065625 0.053125
0 0.51796875 0.33984375 0.0578125 0.0484375
0 0.603125 0.3046875 0.0578125 0.05625
0 0.67421875 0.3015625 0.05625 0.0578125