0 0.8078125 0.5546875 0.1625 0.2
0 0.60703125 0.51796875 0.140625 0.178125
0 0.61796875 0.37109375 0.15 0.1109375
0 0.815625 0.34765625 0.159375 0.1296875
0 0.76015625 0.1875 0.0765625 0.084375
0 0.625 0.16171875 0.06875 0.075
0 0.52265625 0.065625 0.0625 0.06875
0 0.428125 0.0203125 0.05625 0.040625
0 0.303125 0.246875 0.1015625 0.1890625
0 0.23046875 0.20078125 0.0359375 0.0921875
0 0.165625 0.1125 0.071875 0.0765625
0 0.13203125 0.01796875 0.0796875 0.0359375
0 0.13671875 0.56484375 0.15625 0.1421875