0 0.44921875 0.93125 0.1796875 0.1375
0 0.3515625 0.74921875 0.1296875 0.1828125
0 0.12109375 0.77734375 0.1453125 0.1953125
0 0.1 0.59453125 0.125 0.1734375
0 0.246875 0.46953125 0.103125 0.134375
0 0.2875 0.3984375 0.08125 0.1140625
0 0.1453125 0.36796875 0.0921875 0.1203125
0 0.0515625 0.29296875 0.084375 0.165625
0 0.17265625 0.2796875 0.1 0.1515625
0 0.25 0.234375 0.06875 0.1015625
0 0.2953125 0.3125 0.0765625 0.121875
0 0.33515625 0.2609375 0.0578125 0.075
0 0.4234375 0.1796875 0.046875 0.078125
0 0.41015625 0.13828125 0.05 0.078125
0 0.4015625 0.0734375 0.09375 0.146875
0 0.49296875 0.08046875 0.0859375 0.1375
0 0.59296875 0.21640625 0.0640625 0.10625
0 0.725 0.38203125 0.090625 0.134375
0 0.946875 0.6546875 0.0953125 0.1578125
0 0.95078125 0.49453125 0.0984375 0.1265625
0 0.740625 0.1984375 0.075 0.1359375
0 0.64609375 0.175 0.05 0.075
0 0.67421875 0.13828125 0.04375 0.071875
0 0.790625 0.1640625 0.065625 0.1578125
0 0.86484375 0.096875 0.08125 0.1390625
0 0.76171875 0.1 0.0390625 0.053125
0 0.5828125 0.10859375 0.0421875 0.05