0 0.91328125 0.7296875 0.1734375 0.228125
0 0.90703125 0.584375 0.1484375 0.165625
0 0.875 0.49921875 0.115625 0.1328125
0 0.7203125 0.48828125 0.0984375 0.1140625
0 0.63203125 0.5125 0.0875 0.1015625
0 0.6984375 0.4234375 0.06875 0.0765625
0 0.634375 0.4453125 0.0671875 0.0765625
0 0.53828125 0.453125 0.053125 0.0625
0 0.584375 0.42265625 0.0515625 0.0578125
0 0.61015625 0.37265625 0.071875 0.0984375
0 0.56015625 0.3703125 0.0421875 0.0484375
0 0.54609375 0.39765625 0.0421875 0.05
0 0.471875 0.534375 0.0859375 0.1140625
0 0.3421875 0.6625 0.078125 0.1078125
0 0.35859375 0.48125 0.05 0.0671875
0 0.3 0.425 0.03125 0.040625
0 0.36875 0.38359375 0.0328125 0.05
0 0.43984375 0.37578125 0.03125 0.0375
0 0.4921875 0.3671875 0.034375 0.0484375
0 0.503125 0.34375 0.0296875 0.0359375