0 0.8515625 0.85625 0.2296875 0.2015625
0 0.79296875 0.7265625 0.1921875 0.165625
0 0.9859375 0.74140625 0.028125 0.1796875
0 0.246875 0.85859375 0.2046875 0.1984375
0 0.15078125 0.70625 0.1640625 0.171875
0 0.328125 0.6453125 0.1375 0.1359375
0 0.47109375 0.80703125 0.2 0.1984375
0 0.4546875 0.94609375 0.265625 0.1078125
0 0.5 0.6234375 0.1484375 0.1375
0 0.5015625 0.48125 0.0953125 0.0796875
0 0.6515625 0.47109375 0.11875 0.1109375
0 0.74921875 0.40625 0.1 0.08125
0 0.88359375 0.34140625 0.0890625 0.078125
0 0.37421875 0.440625 0.084375 0.08125
0 0.478125 0.4171875 0.1078125 0.1203125
0 0.6234375 0.4046875 0.0859375 0.078125