0 0.17890625 0.84609375 0.2796875 0.3078125
0 0.3484375 0.9578125 0.115625 0.084375
0 0.48203125 0.96015625 0.1140625 0.0796875
0 0.3921875 0.8453125 0.0859375 0.1109375
0 0.42734375 0.6765625 0.0578125 0.0703125
0 0.5171875 0.59296875 0.04375 0.053125
0 0.684375 0.69375 0.0765625 0.103125
0 0.73046875 0.6328125 0.0609375 0.071875
0 0.8234375 0.61796875 0.071875 0.0875
0 0.96875 0.76875 0.0625 0.125
0 0.69453125 0.57265625 0.0515625 0.065625
0 0.63515625 0.63046875 0.0546875 0.0703125
0 0.62734375 0.58203125 0.046875 0.059375
0 0.74921875 0.55390625 0.0515625 0.059375
0 0.6953125 0.540625 0.040625 0.046875