0 0.63828125 0.92421875 0.1515625 0.1515625
0 0.60546875 0.55234375 0.0859375 0.1203125
0 0.534375 0.53046875 0.075 0.09375
0 0.7109375 0.40390625 0.03125 0.0421875
0 0.67890625 0.3859375 0.0265625 0.0375
0 0.634375 0.3921875 0.034375 0.0453125
0 0.1015625 0.71484375 0.196875 0.221875
0 0.06796875 0.5046875 0.1359375 0.153125
0 0.25 0.51328125 0.103125 0.1125
0 0.29296875 0.4234375 0.0875 0.1015625
0 0.33125 0.5515625 0.0953125 0.125
0 0.42734375 0.4640625 0.0765625 0.0921875
0 0.409375 0.4234375 0.0640625 0.0765625
0 0.38515625 0.396875 0.05625 0.065625
0 0.4671875 0.34765625 0.0703125 0.0921875
0 0.4765625 0.4359375 0.053125 0.075
0 0.4625 0.4046875 0.046875 0.0546875
0 0.51171875 0.4234375 0.0390625 0.0515625
0 0.49765625 0.3796875 0.0375 0.0453125
0 0.52578125 0.39765625 0.0390625 0.0453125
0 0.4171875 0.52578125 0.0359375 0.0328125