0 0.70859375 0.9328125 0.228125 0.125
0 0.6265625 0.740625 0.165625 0.175
0 0.346875 0.87109375 0.2171875 0.2015625
0 0.13984375 0.734375 0.1828125 0.15
0 0.2203125 0.584375 0.1375 0.1375
0 0.39609375 0.58046875 0.1265625 0.10625
0 0.57578125 0.55859375 0.1234375 0.1203125
0 0.7828125 0.6 0.140625 0.1234375
0 0.9796875 0.68046875 0.040625 0.1578125
0 0.8046875 0.3984375 0.0921875 0.0921875
0 0.69921875 0.42734375 0.103125 0.103125
0 0.559375 0.4125 0.08125 0.0734375
0 0.4109375 0.48984375 0.1078125 0.078125
0 0.421875 0.3953125 0.1 0.153125
0 0.3109375 0.4265625 0.0921875 0.075
0 0.14140625 0.42265625 0.0765625 0.065625
0 0.21015625 0.36171875 0.0640625 0.0578125
0 0.659375 0.3390625 0.0828125 0.078125
0 0.7375 0.321875 0.0765625 0.065625