0 0.21875 0.11015625 0.0703125 0.0859375
0 0.346875 0.10390625 0.0671875 0.0828125
0 0.30859375 0.07109375 0.05625 0.075
0 0.29140625 0.034375 0.0578125 0.06875
0 0.41640625 0.06953125 0.0578125 0.0765625
0 0.37109375 0.04140625 0.0578125 0.071875
0 0.3546875 0.02421875 0.046875 0.0484375
0 0.78359375 0.65390625 0.171875 0.2046875
0 0.828125 0.49140625 0.1203125 0.1625
0 0.8890625 0.409375 0.115625 0.1375
0 0.8265625 0.32421875 0.10625 0.140625
0 0.71640625 0.3671875 0.1046875 0.13125
0 0.6390625 0.4984375 0.13125 0.1515625
0 0.60390625 0.403125 0.10625 0.1421875
0 0.540625 0.33359375 0.0984375 0.1234375
0 0.65859375 0.28984375 0.0921875 0.1421875
0 0.76875 0.1390625 0.09375 0.1515625
0 0.63984375 0.18515625 0.0609375 0.0890625
0 0.65234375 0.06015625 0.05625 0.0703125
0 0.72890625 0.06640625 0.053125 0.0625
0 0.81015625 0.07734375 0.0484375 0.0703125
0 0.8796875 0.06015625 0.046875 0.0296875
0 0.81796875 0.04609375 0.0421875 0.01875