0 0.06484375 0.815625 0.0875 0.1140625
0 0.15703125 0.8875 0.0984375 0.1296875
0 0.27421875 0.915625 0.09375 0.1140625
0 0.34375 0.746875 0.0796875 0.1125
0 0.3796875 0.696875 0.0546875 0.071875
0 0.31171875 0.65859375 0.053125 0.0734375
0 0.28515625 0.60546875 0.0421875 0.05
0 0.4140625 0.6234375 0.046875 0.053125
0 0.3875 0.5421875 0.053125 0.0859375
0 0.3453125 0.54609375 0.0375 0.0484375
0 0.50546875 0.91953125 0.0890625 0.1125
0 0.659375 0.98125 0.109375 0.0375
0 0.76796875 0.9390625 0.0921875 0.109375
0 0.6453125 0.93828125 0.1 0.121875
0 0.6125 0.853125 0.0765625 0.0875
0 0.7046875 0.84140625 0.08125 0.0921875
0 0.60390625 0.77890625 0.08125 0.125
0 0.5015625 0.80390625 0.0765625 0.0875
0 0.50078125 0.72734375 0.0515625 0.06875
0 0.66171875 0.76875 0.059375 0.0828125
0 0.57421875 0.6984375 0.046875 0.0609375
0 0.5171875 0.684375 0.04375 0.0625