0 0.36015625 0.7375 0.134375 0.1578125
0 0.14140625 0.84296875 0.14375 0.2046875
0 0.121875 0.67734375 0.1171875 0.1640625
0 0.0953125 0.553125 0.109375 0.1421875
0 0.22890625 0.4265625 0.08125 0.1125
0 0.1390625 0.375 0.078125 0.0984375
0 0.0140625 0.45234375 0.028125 0.0953125
0 0.04140625 0.33203125 0.0828125 0.1578125
0 0.1546875 0.29921875 0.1 0.1421875
0 0.234375 0.24453125 0.059375 0.0703125
0 0.26796875 0.35625 0.0703125 0.0875
0 0.27578125 0.29609375 0.06875 0.084375
0 0.3140625 0.24921875 0.05625 0.078125
0 0.3984375 0.16328125 0.0453125 0.0609375
0 0.45078125 0.0625 0.0765625 0.1234375
0 0.35625 0.0765625 0.09375 0.1359375
0 0.53125 0.2546875 0.0734375 0.1171875
0 0.79609375 0.43125 0.115625 0.159375
0 0.68984375 0.18828125 0.0765625 0.1515625
0 0.7109375 0.14375 0.0796875 0.1609375
0 0.74765625 0.05546875 0.0828125 0.1109375
0 0.80078125 0.040625 0.0421875 0.0609375
0 0.6671875 0.0921875 0.0375 0.0578125
0 0.621875 0.08828125 0.0453125 0.0609375
0 0.6265625 0.15078125 0.0546875 0.0640625
0 0.55703125 0.19375 0.0546875 0.078125
0 0.5578125 0.14453125 0.046875 0.0765625
0 0.5765625 0.1265625 0.0421875 0.0703125