0 0.78828125 0.3625 0.0890625 0.1078125
0 0.921875 0.3859375 0.0953125 0.1125
0 0.8671875 0.3046875 0.075 0.09375
0 0.9015625 0.23515625 0.065625 0.0875
0 0.85078125 0.19453125 0.0609375 0.08125
0 0.82265625 0.2359375 0.0625 0.078125
0 0.79296875 0.2125 0.05625 0.0640625
0 0.75703125 0.2859375 0.0703125 0.103125
0 0.7359375 0.2375 0.0609375 0.0890625
0 0.690625 0.190625 0.0609375 0.0890625
0 0.7375 0.171875 0.0515625 0.06875
0 0.77109375 0.14453125 0.0546875 0.06875
0 0.67265625 0.1140625 0.04375 0.0609375
0 0.57109375 0.08828125 0.0453125 0.0515625
0 0.29140625 0.528125 0.1265625 0.1796875
0 0.06640625 0.5359375 0.1328125 0.16875
0 0.15546875 0.45078125 0.1203125 0.1515625
0 0.13359375 0.33125 0.1 0.1265625
0 0.3453125 0.309375 0.084375 0.1125
0 0.41953125 0.3828125 0.10625 0.171875
0 0.23984375 0.25 0.0796875 0.10625
0 0.38515625 0.24140625 0.071875 0.1015625
0 0.4953125 0.2921875 0.0796875 0.1078125
0 0.28828125 0.2015625 0.0734375 0.0953125
0 0.31015625 0.15703125 0.0671875 0.1
0 0.40703125 0.190625 0.065625 0.0875
0 0.29296875 0.05234375 0.0703125 0.1046875
0 0.37734375 0.08359375 0.0484375 0.0671875
0 0.240625 0.02265625 0.040625 0.0453125