0 0.8140625 0.9203125 0.240625 0.159375
0 0.88671875 0.75234375 0.1734375 0.196875
0 0.69375 0.69453125 0.1625 0.165625
0 0.5203125 0.8625 0.225 0.2203125
0 0.53203125 0.7 0.1875 0.165625
0 0.5109375 0.5546875 0.1328125 0.1203125
0 0.1984375 0.778125 0.1984375 0.190625
0 0.04453125 0.65234375 0.0890625 0.1609375
0 0.2453125 0.65546875 0.18125 0.14375
0 0.31640625 0.5390625 0.1578125 0.153125
0 0.3703125 0.4359375 0.1203125 0.1015625
0 0.6328125 0.44765625 0.0984375 0.0890625
0 0.2765625 0.3671875 0.096875 0.0890625
0 0.15 0.3046875 0.0875 0.0734375
0 0.04375 0.29921875 0.0390625 0.065625