0 0.2359375 0.509375 0.2765625 0.3515625
0 0.52890625 0.875 0.3828125 0.25
0 0.57421875 0.515625 0.278125 0.253125
0 0.60703125 0.3125 0.265625 0.1921875
0 0.89921875 0.40859375 0.2015625 0.2265625
0 0.87890625 0.20625 0.2203125 0.153125
0 0.6140625 0.18125 0.1828125 0.1359375
0 0.3328125 0.1671875 0.159375 0.1265625
0 0.30390625 0.284375 0.2140625 0.1546875
0 0.4203125 0.06953125 0.1515625 0.1328125
0 0.6421875 0.06875 0.1875 0.1265625
0 0.203125 0.04375 0.1625 0.0875
0 0.8546875 0.08671875 0.171875 0.090625
0 0.4375 0.00703125 0.115625 0.0140625