0 0.153125 0.87734375 0.1625 0.2078125
0 0.08828125 0.60390625 0.1234375 0.1734375
0 0.2984375 0.5390625 0.121875 0.1515625
0 0.271875 0.43515625 0.0984375 0.134375
0 0.11484375 0.4859375 0.1015625 0.140625
0 0.128125 0.38359375 0.0984375 0.1328125
0 0.0546875 0.29453125 0.075 0.1
0 0.128125 0.19375 0.0984375 0.1578125
0 0.21875 0.25078125 0.0640625 0.0953125
0 0.29375 0.28984375 0.0734375 0.0953125
0 0.353125 0.24453125 0.0640625 0.0953125
0 0.3828125 0.19140625 0.059375 0.084375
0 0.43125 0.16328125 0.046875 0.06875
0 0.3546875 0.14140625 0.0625 0.06875
0 0.25703125 0.178125 0.090625 0.1296875
0 0.63828125 0.3046875 0.0828125 0.13125
0 0.98046875 0.6359375 0.034375 0.1921875
0 0.80859375 0.259375 0.0828125 0.1640625
0 0.71328125 0.18515625 0.05625 0.0671875
0 0.62109375 0.178125 0.05 0.08125
0 0.63828125 0.23125 0.0578125 0.090625
0 0.68515625 0.1109375 0.0453125 0.0703125
0 0.74375 0.12734375 0.0375 0.059375
0 0.84765625 0.08359375 0.078125 0.125