0 0.1609375 0.95078125 0.10625 0.0984375
0 0.3203125 0.88203125 0.0953125 0.15625
0 0.453125 0.83671875 0.0671875 0.0953125
0 0.375 0.76640625 0.053125 0.08125
0 0.32578125 0.721875 0.05 0.075
0 0.4609375 0.721875 0.0625 0.1171875
0 0.39609375 0.69140625 0.05 0.06875
0 0.6796875 0.95234375 0.0859375 0.065625
0 0.7921875 0.921875 0.0921875 0.09375
0 0.89921875 0.871875 0.1015625 0.1140625
0 0.840625 0.80859375 0.071875 0.0890625
0 0.7390625 0.82578125 0.08125 0.1015625
0 0.79296875 0.76484375 0.0609375 0.0796875
0 0.75546875 0.728125 0.05 0.06875
0 0.70859375 0.7765625 0.0578125 0.065625
0 0.6375 0.87265625 0.0734375 0.0953125
0 0.6125 0.8046875 0.0703125 0.075
0 0.68125 0.74296875 0.05 0.0671875
0 0.65078125 0.71015625 0.0421875 0.05625
0 0.571875 0.69609375 0.046875 0.06875
0 0.71640625 0.66796875 0.0421875 0.0484375
0 0.72890625 0.709375 0.0421875 0.05