0 0.775 0.53359375 0.14140625 0.17578125
0 0.59296875 0.50625 0.12109375 0.1578125
0 0.59765625 0.3734375 0.1328125 0.09609375
0 0.77578125 0.34609375 0.13984375 0.1125
0 0.7203125 0.203125 0.06640625 0.0734375
0 0.59765625 0.184375 0.059375 0.06640625
0 0.50234375 0.10078125 0.0546875 0.06015625
0 0.415625 0.06171875 0.05 0.0390625
0 0.309375 0.271875 0.08671875 0.16796875
0 0.2421875 0.23203125 0.02890625 0.0828125
0 0.18046875 0.1546875 0.06328125 0.06640625
0 0.1453125 0.0515625 0.0703125 0.0703125
0 0.16875 0.56328125 0.13671875 0.12421875