0 0.940625 0.7734375 0.1125 0.215625
0 0.9828125 0.4453125 0.034375 0.140625
0 0.73046875 0.503125 0.1140625 0.1984375
0 0.7703125 0.38203125 0.090625 0.128125
0 0.8640625 0.315625 0.090625 0.11875
0 0.796875 0.25078125 0.0765625 0.103125
0 0.70625 0.28671875 0.0796875 0.1078125
0 0.58828125 0.34921875 0.0890625 0.128125
0 0.55 0.290625 0.08125 0.09375
0 0.66015625 0.2265625 0.0640625 0.090625
0 0.77265625 0.19296875 0.0703125 0.1015625
0 0.66953125 0.09921875 0.0421875 0.0734375
0 0.77421875 0.0640625 0.059375 0.1203125
0 0.26328125 0.23125 0.06875 0.09375
0 0.134375 0.2421875 0.0734375 0.0875
0 0.20390625 0.17890625 0.059375 0.0734375
0 0.18515625 0.1203125 0.0546875 0.0734375
0 0.265625 0.1265625 0.0484375 0.075
0 0.3171875 0.16875 0.0515625 0.0859375
0 0.35234375 0.13359375 0.05 0.06875
0 0.24296875 0.08828125 0.0453125 0.0671875
0 0.3265625 0.05390625 0.046875 0.0671875
0 0.36484375 0.0765625 0.0453125 0.0640625
0 0.415625 0.09453125 0.0546875 0.075
0 0.5 0.02890625 0.04375 0.0578125