0 0.3828125 0.7234375 0.19375 0.18125
0 0.1859375 0.70625 0.1546875 0.146875
0 0.25078125 0.56796875 0.1203125 0.096875
0 0.40234375 0.5984375 0.121875 0.1109375
0 0.565625 0.5609375 0.1328125 0.11875
0 0.6015625 0.6453125 0.1546875 0.125
0 0.70546875 0.4890625 0.1296875 0.1390625
0 0.85390625 0.6625 0.2125 0.209375
0 0.9203125 0.5390625 0.140625 0.1359375
0 0.78515625 0.4296875 0.1015625 0.1015625
0 0.51640625 0.4703125 0.1015625 0.0921875
0 0.403125 0.4640625 0.0984375 0.0796875
0 0.2828125 0.4890625 0.103125 0.09375
0 0.09609375 0.52109375 0.0953125 0.0875
0 0.2 0.4109375 0.0625 0.0578125
0 0.31953125 0.39453125 0.08125 0.0625
0 0.41015625 0.36171875 0.09375 0.11875
0 0.61328125 0.34609375 0.065625 0.071875
0 0.5125 0.35703125 0.0578125 0.0484375
0 0.66640625 0.30234375 0.0609375 0.05625
0 0.2921875 0.946875 0.234375 0.10625