0 0.13046875 0.37265625 0.090625 0.1078125
0 0.25859375 0.3484375 0.0796875 0.1046875
0 0.18671875 0.29609375 0.071875 0.096875
0 0.153125 0.23515625 0.0671875 0.084375
0 0.23046875 0.23203125 0.065625 0.08125
0 0.29453125 0.26640625 0.0671875 0.0953125
0 0.31796875 0.22734375 0.0625 0.0828125
0 0.36875 0.1734375 0.0546875 0.078125
0 0.2609375 0.20078125 0.053125 0.06875
0 0.20625 0.19140625 0.0578125 0.0703125
0 0.28046875 0.1421875 0.0484375 0.0796875
0 0.31953125 0.16328125 0.0625 0.078125
0 0.88125 0.61328125 0.1578125 0.2171875
0 0.9609375 0.50390625 0.078125 0.1609375
0 0.95703125 0.35546875 0.0703125 0.1359375
0 0.6921875 0.43984375 0.1203125 0.19375
0 0.74296875 0.33671875 0.0984375 0.128125
0 0.8390625 0.26640625 0.0921875 0.1265625
0 0.77265625 0.2171875 0.084375 0.10625
0 0.74453125 0.1671875 0.0765625 0.1109375
0 0.6828125 0.26484375 0.08125 0.1109375
0 0.64453125 0.21484375 0.0703125 0.0921875
0 0.57421875 0.3359375 0.0921875 0.125
0 0.53828125 0.28828125 0.0796875 0.0953125
0 0.6296875 0.165625 0.0671875 0.0796875
0 0.740625 0.05546875 0.075 0.1109375
0 0.64921875 0.09296875 0.0484375 0.06875
0 0.671875 0.0703125 0.05 0.0671875
0 0.7875 0.0265625 0.05 0.053125