0 0.509375 0.5046875 0.0671875 0.0875
0 0.30234375 0.54140625 0.1015625 0.1171875
0 0.1296875 0.5625 0.1296875 0.140625
0 0.03828125 0.79921875 0.0765625 0.2671875
0 0.11015625 0.50078125 0.1171875 0.115625
0 0.2734375 0.46953125 0.0890625 0.10625
0 0.27109375 0.40546875 0.06875 0.0828125
0 0.36796875 0.40859375 0.059375 0.065625
0 0.41015625 0.44765625 0.0625 0.0828125
0 0.3703125 0.365625 0.05625 0.0734375
0 0.446875 0.36015625 0.040625 0.05625
0 0.43515625 0.328125 0.046875 0.059375
0 0.47734375 0.38359375 0.040625 0.05625
0 0.48984375 0.3109375 0.059375 0.096875
0 0.609375 0.41328125 0.04375 0.059375
0 0.6796875 0.44296875 0.0421875 0.053125
0 0.67265625 0.38046875 0.0296875 0.0453125
0 0.6296875 0.36640625 0.0296875 0.040625
0 0.57734375 0.3765625 0.0359375 0.046875