0 0.625 0.778125 0.1609375 0.2296875
0 0.91484375 0.63125 0.1203125 0.15625
0 0.709375 0.46484375 0.0953125 0.134375
0 0.91796875 0.534375 0.0953125 0.1203125
0 0.9265625 0.44921875 0.0828125 0.1203125
0 0.8875 0.40078125 0.08125 0.1109375
0 0.96640625 0.2921875 0.0609375 0.090625
0 0.83984375 0.29375 0.0703125 0.1
0 0.7015625 0.25 0.065625 0.0859375
0 0.78359375 0.21796875 0.059375 0.0765625
0 0.89921875 0.2140625 0.0625 0.0859375
0 0.7390625 0.175 0.053125 0.0765625
0 0.78203125 0.134375 0.05 0.0625
0 0.69609375 0.13671875 0.0546875 0.075
0 0.63125 0.1578125 0.0546875 0.0734375
0 0.5828125 0.12265625 0.05 0.065625
0 0.64765625 0.05078125 0.0734375 0.1015625
0 0.11875 0.6078125 0.1359375 0.2
0 0.14765625 0.44921875 0.1046875 0.1390625
0 0.28984375 0.49765625 0.1125 0.1546875
0 0.27265625 0.3046875 0.065625 0.109375
0 0.41484375 0.33671875 0.0828125 0.1046875
0 0.1875 0.1484375 0.1171875 0.271875
0 0.33046875 0.20625 0.0671875 0.0875
0 0.4265625 0.1671875 0.05625 0.084375
0 0.30859375 0.1125 0.0484375 0.0671875
0 0.3953125 0.109375 0.0515625 0.0875
0 0.26640625 0.08359375 0.0421875 0.065625
0 0.353125 0.07734375 0.04375 0.0640625