0 0.25234375 0.7421875 0.090625 0.11015625
0 0.165625 0.69296875 0.08046875 0.0765625
0 0.246875 0.61328125 0.05 0.0515625
0 0.3140625 0.64375 0.07265625 0.05625
0 0.35859375 0.578125 0.0578125 0.0359375
0 0.33125 0.51328125 0.05546875 0.08515625
0 0.78203125 0.58046875 0.1265625 0.15703125
0 0.68359375 0.6359375 0.05546875 0.08125
0 0.6375 0.56875 0.0390625 0.0546875
0 0.6609375 0.51640625 0.0328125 0.04375
0 0.60859375 0.4609375 0.0515625 0.0609375
0 0.6015625 0.52109375 0.02265625 0.03125
0 0.57421875 0.49453125 0.02421875 0.03125